putative Compound	hum_101_2 _cor	hum_102_2 _cor	hum_103_2 _cor	hum_104_2 _cor	hum_105_2 _cor	hum_106_2 _cor	hum_120_2 _cor	hum_121_2 _cor	hum_141_2 _cor	hum_153_2 _cor	hum_98_2 _cor	Wt_132_2 _cor	Wt_133_2 _cor	Wt_134_2 _cor	Wt_135_2 _cor	Wt_142_2 _cor	Wt_147_2 _cor	Wt_148_2 _cor	Wt_152_2 _cor	Wt_91_2 _cor	Wt_wt2_2 _cor
(std.i) U13C-Sorbitol	2423	2423	2423	2423	2423	2423	2423	2423	2423	2423	2423	2423	2423	2423	2423	2423	2423	2423	2423	2423	2423
1-Pyrroline-2-carboxylate	592	520	389	593	571	652	697	748	256	263	1172	339	366	515	195	296	218	347	655	2323	116
2-Piperidinecarboxylic_acid_(1MEOX)_(2TMS)_549118.94_TRUE	3139	4249	3350	3163	3872	4799	5995	5532	6013	3736	3837	6514	5946	6073	4357	4914	3741	4078	4931	3440	4853
2-Piperidinecarboxylic_acid_(1TMS)_357365.44_TRUE	3435	3921	3474	3824	4322	4893	5817	6569	4955	4978	4920	5498	5149	5444	5254	4146	4049	4375	5279	3893	5355
2-Piperidinecarboxylic_acid_(2TMS)_375026.84_TRUE	1782	3611	2007	2815	3144	3498	3880	6179	3227	4124	2705	3496	2832	4713	3225	2187	3728	4734	5424	3155	2674
"Aconitic_acid,_trans-_(3TMS)_600462.25_PRED"	7546	7875	6972	8364	7142	7588	8011	8009	7828	7413	7367	7504	7309	7487	6730	6631	6823	6642	7515	7550	7235
Adenine (2TMS) [MP-1.1]	577	918	741	1543	1072	927	3583	1098	784	1664	1344	745	698	1017	1016	765	985	1159	1372	637	1505
Adenine_(1TMS)_586048_PRED	1554	1998	3156	2826	4507	2688	2077	5489	2728	2468	2730	3460	4907	4447	1382	3677	1956	4581	2243	1340	3763
Adenosine 5-P (|ADP|ATP) (5TMS) [MP-1.1]	20119	21900	17125	18262	26896	30915	32930	41999	25876	21826	20190	33886	33712	50164	27473	18215	16324	18504	25739	20986	21028
"Adipat, 2-Amino-"	339	548	436	611	522	469	1015	1199	771	880	498	1034	948	908	725	738	680	566	947	323	559
"Adipo-2,6-lactam_(2TMS)_492238.44_PRED"	500	678	596	843	645	802	634	702	655	876	813	754	798	786	677	662	712	782	669	501	946
Agmatine [MP-1.2]	391	657	465	778	856	697	943	1570	729	653	600	706	880	1226	786	664	487	648	676	598	919
Alanine (2TMS) [MP-1.1]	29608	39268	31567	34862	46070	49007	67325	64932	45418	56264	37397	52691	46376	54455	43389	37208	41980	49108	64471	41836	60896
"Alanine, beta- (2TMS) [MP-2.1]"	11195	11886	11277	13164	13836	15004	12441	29432	12506	17715	13407	17481	15189	17423	13601	9675	12677	13103	21687	14424	14156
"Alanine,_beta-_(2TMS)_273369.53_TRUE"	77752	80891	76671	89425	93804	100914	85902	203598	86729	115151	90754	117095	99714	119422	93331	60959	84794	88079	134362	95058	96055
Alanine_(2TMS)_207563.2_TRUE	2245	2916	2745	3675	3738	3754	5025	5848	3692	5729	3732	3796	3774	4481	3404	3728	3829	5001	6874	2911	5429
Alanine_(3TMS)_355868.03_PRED	17509	19757	16616	18629	21893	25183	32016	33423	24693	24965	24546	29312	27099	28534	25024	20496	21065	21636	26861	19040	27346
Allose_(1MEOX)_(5TMS)_BP_588062.44_PRED	473	824	989	1180	15344	1251	1674	2101	1515	755	509	1623	1245	3456	2110	3344	779	1417	763	393	1900
Allose_(1MEOX)_(5TMS)_MP_577900.56_PRED	55389	62690	26520	36046	60496	66402	79019	117651	70458	46897	52114	111413	85757	93152	60939	57395	47238	35843	64336	48800	51819
Anthranilic_acid_(2TMS)_539191.25_TRUE	5936	4782	8454	11631	3958	7488	7127	3708	8152	14973	12463	4314	5209	5610	12280	8686	10909	11429	14626	7375	10791
"Arabinonic_acid-1,4-lactone_(3TMS)_526082.88_TRUE"	567	654	610	149	106	851	1067	1121	828	100	181	693	557	1130	182	842	795	761	906	897	229
Arabitol_(5TMS)_503104.56_PRED	5262	6354	4518	5708	5712	7468	9303	8615	8037	8154	6387	8472	7583	7878	8542	6868	7744	6565	9736	5400	7245
Arginine [MP-1.1]	128785	158136	164977	204315	170873	192679	177470	179492	194304	246884	216065	211177	202613	225050	190515	144437	195168	184642	179693	147057	258005
Ascorbate (4TMS) [MP-1.1]	1338	1266	2327	1543	1398	1156	1790	3613	1249	1552	1608	1391	1300	1343	1232	576	1248	1346	998	1047	3900
"Ascorbate, 1-Dehydro- (dimer;2MEOX) [MP-1.1]"	42546	48700	41899	40642	49372	58056	76676	71295	57017	47230	53955	63386	63794	63823	57469	50406	44256	44344	56159	46202	56223
Ascorbic_acid_(4TMS)_652392.44_TRUE	18607	21072	18748	18947	20847	30315	29170	29492	26028	26847	24109	22570	22361	30088	23260	20333	22528	21364	25426	20710	31196
Asparagine (3TMS) [MP-1.1]	118938	160978	117963	103864	142897	174497	217279	207192	218193	132847	144468	251270	229223	231622	168881	188754	143237	141453	167919	124803	176281
Asparagine (4TMS) [NN-5.1]	981	1844	2055	1540	1754	1950	7423	2818	1958	1312	2062	3054	2833	2998	3623	2086	1385	1833	2249	1234	2148
Asparagine (-H2O;2TMS) [NN-3.1]	5891	8847	2782	3405	9784	8687	10641	15027	8489	4200	4680	15306	12741	16304	5648	6242	4855	3764	6250	4640	6384
Asparagine_(3TMS)_550488.31_TRUE	37053	49937	35903	32499	44559	55791	71155	66477	68482	40558	43057	79731	72989	72300	52625	57395	44534	42984	52444	40803	53151
Asparagine_(4TMS)_BP2_626664.06_TRUE	775	812	825	800	998	1167	1560	1467	1146	968	1077	1303	1173	1249	1073	914	892	900	1193	891	1154
Aspartate (3TMS) [MP-1.1]	69930	90147	65962	101318	100902	101536	117089	153369	125356	127968	117722	147433	126657	133502	132825	107889	121922	106514	162481	89458	112138
Aspartic_acid_(2TMS)_458076.97_TRUE	15851	20826	15996	23991	23768	23434	27275	35107	28510	29874	28604	33052	28314	30650	29210	25192	27756	25195	37543	20254	26556
Benzoate (1TMS) [MP-1.1]	565	598	527	814	678	865	953	1613	626	849	919	696	607	969	641	509	1030	739	807	655	802
"Benzoate, 4-Hydroxy- (2TMS) [MP-1.1]"	1643	1359	2438	3350	1183	2263	1919	1029	2312	4321	3450	1371	1445	1570	3400	2383	3254	3287	3812	1906	2935
"Benzoic_acid,_3-hydroxy-_(2TMS)_507250.44_TRUE"	1480	1657	1313	1423	1476	1915	2627	2193	2209	2079	1638	2214	1985	2127	2228	1857	2066	1818	2665	1401	2053
"Benzoic_acid,_4-amino-_(2TMS)_650574.94_TRUE"	39337	44452	34383	34733	42039	65882	64328	62176	57799	52304	46424	62191	60337	63250	58736	45766	47975	39306	52333	44664	64958
"Butane,_1,2,4-trihydroxy-_(3TMS)_345095_TRUE"	6267	5310	3037	4370	4031	5646	8745	7886	5807	7255	4357	7249	4006	6118	8671	4497	6474	4365	8975	6326	4758
"Butanoate, 4-Amino- (2TMS) [MP-2.1]"	35845	33766	6271	24446	6010	38334	68588	13483	27369	47029	24694	39765	13850	26370	67012	13676	45270	7893	73965	49535	19313
"Butanoate, 4-Amino- (3TMS) [MP-1.1]"	31370	50172	65465	61896	80893	52267	43746	128350	75584	62251	64899	68867	90150	90198	28796	82829	47040	88851	51206	33887	94044
"Butanoic_acid,_2,4-diamino-_(4TMS)_519172.62_TRUE"	530	552	158	406	140	885	1878	339	426	385	290	408	154	370	1796	160	537	120	1006	1229	294
"Butanoic_acid,_2-amino-_(2TMS)_249223.84_TRUE"	579	562	767	1075	309	723	699	284	775	NaN	870	525	608	681	778	707	910	1056	686	626	740
"Butanoic_acid,_2-oxo-_(1MEOX)_(1TMS)_MP_252911.77_PRED"	59284	91500	69888	138144	123033	113713	212038	492496	50956	230207	140337	215644	180625	248525	65085	207501	75506	99409	419521	180221	135427
"Butanoic_acid,_4-amino-3-hydroxy-_(4TMS)_531278.19_TRUE"	13479	11498	18298	22444	11330	17722	17243	7446	15605	32416	27976	13311	14126	15311	26530	19843	24041	24746	27838	16788	23611
"Butyrate, 3-Hydroxy- [MP-1.1]"	317	423	327	475	663	531	915	911	569	703	449	578	483	572	695	538	659	655	838	401	605
"Butyro-1,4-lactam,_2-amino-_(2TMS)_452058.31_PRED"	7363	11857	15823	14729	19362	12434	10063	29642	17736	14662	15651	16603	21752	21618	6695	19838	11081	21690	12050	8039	22181
"Butyro-1,4-lactam_(1TMS)_241244.02_PRED"	3114	5160	6162	10253	2461	7562	3544	703	6318	13487	8871	4738	5788	4026	9120	8341	11138	7977	12873	4277	9855
Caffeine_754467.62_TRUE	1142	1490	1418	1872	1664	1787	1927	2692	1743	1831	1686	2152	1882	2613	1938	1453	1749	2006	2027	1729	1902
Calystegine_B1_(1MEOX)_(TMS)_623873.94_PRED	610	759	621	661	767	915	1082	1169	917	699	796	937	877	960	908	661	614	744	851	687	894
Calystegine_B2_(1MEOX)_(3TMS)_BP_620736.44_PRED	651	730	651	677	748	962	1187	1166	949	806	919	982	968	1085	940	716	681	789	906	769	928
Calystegine_B4_(1MEOX)_(3TMS)_598843.25_PRED	1709	1941	1744	2020	2796	2058	2257	2412	2113	2046	2008	2164	2168	2307	2052	2055	1869	1852	2292	1840	2065
"Cholesterol, D6-"	5503	3338	3284	4883	5828	NaN	4044	12804	4390	17579	7165	14166	NaN	5470	3823	3589	5595	3933	6214	3896	5665
Cholesterol_(1TMS)_1079629_TRUE	12405	7088	6179	9572	12503	7317	4244	27051	9174	40487	16098	32421	13650	NaN	8861	8089	12385	7606	14086	13092	11980
"CinNaNmic_acid,_2-methoxy-,_cis-_(1TMS)_527345_PRED"	450	431	455	561	539	540	560	773	585	502	449	639	540	550	570	521	440	440	550	397	571
"CinNaNmic_acid,_3-hydroxy-,_cis-_(2TMS)_599148.38_TRUE"	13039	12894	11967	13137	11499	12771	13285	12857	13221	12552	12118	12312	12454	12253	11608	10909	11991	11820	12665	12714	12413
"CinNaNmic_acid,_3-hydroxy-,_trans-_(2TMS)_653564.75_TRUE"	36915	42041	31729	31490	38520	61619	59084	54863	53830	48418	42984	60599	59034	59177	56351	43875	45496	36605	48198	40796	61475
"CinNaNmic_acid,_3-methoxy-,_cis-_(1TMS)_587950.5_TRUE"	1011	863	1259	1661	1462	1462	1743	2311	1151	1481	1435	1116	1144	1636	1117	954	1115	1705	1489	1115	1607
"CinNaNmic_acid,_3-methoxy-,_trans-_(1TMS)_649428.75_TRUE"	221778	251384	193210	199255	234604	370630	351773	340917	322709	293004	258167	346963	339710	350793	330382	255546	268443	222648	293126	249439	359631
Citrate (4TMS) [MP-1.1]	5258	7244	4592	6618	6803	7590	9857	10988	6969	8539	6518	8226	7793	9204	5379	5719	6414	7011	8824	6369	6165
"Cysteine,_S-methyl-,_DL-_(1TMS)_354018_PRED"	1602	1799	1711	1763	2131	2484	2916	3336	2546	2422	2232	2841	2355	2553	2411	2128	2005	2135	2634	1747	2636
Cysteine_(3TMS)_479326.28_TRUE	731	1640	1349	1492	1881	2361	2019	1860	1742	2263	1414	1347	1669	1692	1144	1057	1517	2101	1132	1419	2122
Cytosine_(2TMS)_515287.31_TRUE	536	529	157	293	252	897	1690	NaN	455	532	428	481	146	435	1744	173	651	127	1051	1390	NaN
Dehydroascorbic_acid_(2MEOX)_BP_639171.94_PRED	6496	7324	5990	6086	7382	8818	11171	10434	9036	6657	7739	9781	9157	9935	8224	7385	6586	6219	7730	6957	8279
"Docosahexaenoic_acid,_4,7,10,13,16,19-(Z,Z,Z,Z,Z,Z)-_(1TMS)_907201.25_TRUE"	1370	2594	1837	2017	2829	2765	2493	2851	2398	3328	2651	2887	2961	2757	2185	2503	2641	2630	2902	2462	2582
Dodecane_260776.19_PRED	6459	9745	7341	14761	12747	11940	23910	50831	5295	24338	14613	21862	18456	25803	6987	20827	7875	10373	39032	18899	14271
Dodecanoate (1TMS) [MP-1.1]	904	942	1040	549	497	1217	1724	2116	1090	680	739	1125	1014	1801	430	1178	1295	1180	1486	1005	557
"Eicosapentaenoic_acid,_5,8,11,14,17-(Z,Z,Z,Z,Z)-,_n-_(1TMS)_838800.94_PRED"	1283	1039	628	1477	917	1003	714	1441	771	2909	1460	1033	1064	1149	1083	558	1162	862	1210	1108	897
"Erythronic_acid-1,4-lactone_(2TMS)_462181.38_TRUE"	14178	18738	13642	20791	20501	20805	23802	32147	25601	25955	24535	30618	26616	26509	27697	22607	24956	21915	33956	18338	23496
Ethanolamine [MP-1.1]	27857	37625	33916	5557	90723	55881	49343	148544	27875	4814	5089	46146	57820	83733	1590	26578	3599	49285	4717	36326	6623
Ethanolamine_(3TMS)_321815.91_PRED	10681	16645	24003	21328	37260	24187	16817	52305	25401	18048	22387	23876	32547	30379	7962	22713	14469	31615	12737	11549	31146
FAME C10:0	66002	69403	90951	138645	109658	102771	132111	180368	81716	125039	122598	81194	75191	128609	73515	67971	73055	121751	119149	96327	113570
FAME C12:0	79645	83739	116284	168060	125215	123665	152362	204608	101139	146378	152125	98515	96169	154384	92448	80100	94073	146748	144768	114623	140775
FAME C14:0	95427	106668	134007	199091	146678	152443	184962	240823	120785	172478	178168	122467	116932	186931	117390	100505	115129	173425	166788	135163	169465
FAME C16:0	73295	79341	107557	155623	115790	119062	137737	181818	98732	135532	134696	91429	93689	145767	89163	83658	85582	133357	131788	106186	131752
FAME C18:0	25561	27457	37828	56142	40497	42153	47790	66227	31172	48866	48399	30182	30651	50147	30810	27050	29259	48443	45055	37769	46086
FAME C20:0	24234	26945	35825	49074	39310	40280	44577	61993	31648	45914	44292	29720	30695	48755	29426	25228	26768	45701	44093	35461	43548
FAME C22:0	20678	22147	29402	43758	33959	31928	37421	53909	26473	39865	37662	25682	25283	40100	24429	21855	23254	38070	37112	29274	36349
FAME C24:0	15631	17500	23405	33809	27178	25063	28467	39223	19102	30313	28144	20026	19018	31712	19041	15522	17514	30048	28952	21263	29025
FAME C26:0	11989	12371	17471	26711	20269	20053	21832	33863	15585	22920	23605	15304	15920	27512	14531	12906	14350	22488	20943	17622	21561
FAME C28:0	8927	9333	12345	18675	15577	14825	17738	23681	11275	16012	17069	11732	12758	25843	11468	8910	9927	15940	16588	16051	15913
FAME C30:0	4051	4161	5876	7946	7305	7168	8318	11820	5250	6722	7723	5905	5788	15736	4998	4266	NaN	7366	7396	11957	6843
FAME C8:0	47816	49721	60109	99872	77695	72109	100273	139804	53432	93341	84468	64799	58946	96269	50352	51954	52299	84464	109878	72807	81729
FAME C9:0	48952	52628	67473	105851	84786	79784	101323	147708	60115	93730	89625	61706	57839	97630	53541	48857	55339	91182	91124	74046	85573
Fructose (|Psicose) (1MEOX;5TMS) [MP-1.1]	961	870	866	1106	1220	1270	1922	1822	1293	1107	1420	1754	1453	1465	2000	1305	1008	572	1683	1295	2256
Fructose (|Sorbose) (1MEOX;5TMS) [MP-1.2]	545	499	532	667	613	845	1168	1130	815	599	764	1096	760	856	1209	704	560	354	936	817	1324
"Fructose,_D-_(5TMS)_622992.38_PRED"	7721	8887	7557	7384	9253	10684	14223	13698	10436	8815	10162	11625	11772	11243	10652	9192	8061	8349	10233	8848	10310
Fucose_(1MEOX)_(4TMS)_MP_522432.03_TRUE	1031	1464	1019	516	872	1511	2007	1671	1653	871	945	1562	1269	1798	1030	1442	1458	1284	1903	1359	740
Fumarate (2TMS) [MP-1.1]	1322	3153	1461	2042	2740	3039	2989	5493	2524	3358	2290	2892	2340	3987	2656	1486	3232	4206	4878	2310	1899
Galactaric_acid_(6TMS)_658294.38_TRUE	197753	222402	176885	186492	215716	329742	331702	318012	286465	261602	237604	323373	317246	319706	291322	218554	238053	205086	262189	233096	315658
Galactitol_(6TMS)_590143.5_TRUE	604	630	572	593	776	767	943	1171	823	653	700	952	815	1013	974	743	672	658	856	741	1082
"Galactonic_acid-1,4-lactone_(4TMS)_619566.38_PRED"	1387	434	126	187	89	761	10413	518	121	383	213	327	183	142	14552	116	628	124	2961	4313	147
"Galactono-1,4-lactone [MP-1.1]"	450	441	331	545	578	534	468	898	501	524	629	777	736	692	545	563	464	417	571	367	546
"Galactopyranoside,_1-O-methyl-,_alpha-_(4TMS)_585464.62_TRUE"	9724	10293	14830	16632	18821	14837	15478	28098	13731	14902	14749	14641	19604	20331	10458	14870	11022	22051	13971	10145	18881
"Galactopyranoside,_1-O-methyl-,_beta-_(4TMS)_598177.19_TRUE"	22518	22505	20486	22396	21119	22718	21533	21173	22318	22639	20653	21963	21863	20809	20627	20780	20912	19881	21615	20265	21398
GlucoNaNte|GalactoNaNte [MP-1.1]	21093	23618	20551	20357	24024	28465	37230	33417	27945	23178	26843	30184	30995	30662	27832	24401	21188	21268	27607	22670	27729
"Glucopyranose,_D-_(5TMS)_644536.81_PRED"	1769	778	241	316	206	1023	2808	481	385	1184	364	779	294	360	5775	190	1151	232	2486	2460	296
Glucopyranose_[-H20]_(4TMS)_561007.94_TRUE	875	994	827	1284	1273	1334	1915	1691	1430	1500	1231	1655	1144	1754	1950	1098	1112	1166	1497	1229	1510
"Glucopyranoside,_1-O-methyl-,_alpha-_(4TMS)_613929.06_TRUE"	612	675	1114	1813	1255	1114	1256	1755	1421	1404	1332	1296	1391	1593	830	1217	934	1592	1323	825	2096
Glucose (1MEOX;5TMS) [MP-1.1]	697	843	980	1310	15661	1414	1753	2329	1902	939	721	1986	1195	3339	2392	3293	952	1549	963	626	2122
"Glucose,_3-deoxy-,_D-_(1MEOX)_(4TMS)_589111.5_PRED"	517	542	746	994	849	908	1101	1557	716	903	841	772	756	1043	723	670	648	1056	951	693	1004
Glucose_(1MEOX)_(5TMS)_BP_599322.19_TRUE	1326	1286	1209	1327	3320	1405	1416	1549	1513	1237	1274	1438	1372	1560	1363	1582	1197	1330	1186	1227	1363
"Glucuronic_acid-3,6-lactone_(1MEOX)_(3TMS)_MP_657311_TRUE"	408978	461527	354107	360141	431747	685985	652821	618869	595907	538338	477861	664554	654342	652777	614449	472437	500752	406578	537158	461395	670209
Glutamate (3TMS) [MP-1.1]	450098	506084	369047	449079	476029	590542	806946	722101	641441	651669	496233	714185	625341	654227	700646	533218	622160	518498	804665	452868	579656
Glutamine ([-H2O]2TMS) [NN-3.1]	760	910	1393	3292	1029	965	1437	1409	1016	3306	3824	614	759	732	1976	997	3088	1381	2396	847	3294
Glutamine (4TMS) [MP-2.1]	500	372	1814	1940	285	547	425	266	736	1605	1070	438	469	457	1033	787	1081	1571	1061	526	903
Glutamine [MP-1.1]	278782	278137	241975	252686	230231	265044	266516	254719	273239	255603	238464	262735	259693	239875	242091	235472	252122	228690	251407	252895	242848
"Glutamine,_N-acetyl-,_DL-_(3TMS)_655207.31_PRED"	9965	11016	8808	9227	10705	16016	15662	15283	14073	13318	11706	15076	14288	15216	13988	11230	12065	10429	13290	11027	16325
"Glutaric_acid,_2-hydroxy-_(3TMS)_488906.25_TRUE"	7989	8637	9459	15023	11099	11870	15432	19283	11297	15056	13198	11733	10806	16021	10767	8683	10292	13188	15140	11346	13953
Glyceraldehyde-3-phosphate_(1MEOX)_(3TMS)_BP_571519.81_TRUE	14782	9268	11134	17320	10383	15051	22574	22909	23575	20903	18018	19956	24367	18817	23635	19485	22771	11319	17916	12914	25682
Glycerol ((3TMS)) [MP-1.1]	9182	12983	9302	11073	14932	13494	15917	19068	11732	17995	11764	14641	14341	15684	11660	12708	13743	16744	19963	12867	16121
Glycerol 3-P (|Glycerol 1-P) [MP-1.1]	26151	23828	15268	21177	24214	29021	37174	48225	36204	28864	27236	44591	41463	39680	33672	30942	29533	17932	29871	21501	32959
Glycine (2TMS) [MP-2.1]	18548	17047	3703	11850	3887	24124	37404	8815	14422	24523	12906	21777	9054	14182	30032	5304	20245	4310	25389	24210	10070
"Glycine,_N-acetyl-_(1TMS)_334790.31_PRED"	8716	11608	9480	11026	12465	12959	14850	18059	12857	15933	13936	14966	13581	15399	13288	11561	12330	12790	16216	11023	13376
"Glycine,_N-cinNaNmoyl-,_trans-_(1TMS)_772530.69_PRED"	1810	2038	2617	3973	2603	2787	2443	5179	2102	3880	4018	2044	2049	3786	2693	1523	2837	2874	3900	3102	2966
Glycylglycine_(3TMS)_628479.25_TRUE	6193	6806	5901	5832	6746	8263	10750	10032	8066	6659	7529	9080	8955	9121	8296	7015	6242	6459	7657	6511	7875
Guanosine-5-monophosphate_(6TMS)_1065235.12_TRUE	2297	2199	2055	2292	2841	3170	3709	5351	3116	2833	2694	4261	4263	6206	3047	2278	2210	2401	3225	3439	2593
"Heptacosanoic_acid,_n-_(1TMS)_1053682.38_PRED"	2883	3056	2443	2631	3902	4348	4637	5880	3605	3156	2665	4675	4830	6949	3809	2533	2267	2644	3531	3073	2800
"Heptanoic_acid,_n-_(1TMS)_255612.95_PRED"	12633	19599	15130	29530	26720	24150	44783	121864	10509	50424	30241	49732	40853	54734	13938	51749	15905	21127	119794	39526	28156
"Hexacosane,_n-_908082.69_PRED"	454	900	602	645	857	864	766	902	748	952	897	886	899	898	749	791	864	901	900	850	895
"Hexadecane,_n-_486353.06_PRED"	8905	11438	12218	14794	11950	13461	12006	12447	13461	18392	15916	15339	14103	16051	12988	10700	13673	13648	12918	9670	18744
Hexadecanoate (1TMS) [MP-1.1]	14348	12883	16497	20804	17550	19046	17406	33161	16526	26157	23077	13582	13963	30109	15419	12251	15318	18299	20516	16864	17455
"Hexadecenoic_acid_methyl_ester,_9-(Z)-,_n-_652277.12_PRED"	9843	10607	9436	9771	11178	15511	15261	15554	13016	13674	12528	11265	11195	15838	11151	9793	11713	11342	13095	11269	15676
"Hexanedioic_acid,_hydroxy-_(3TMS)_535302_TRUE"	8495	6848	12751	17154	6157	11542	9476	5164	11904	22672	18980	6727	7828	8098	18858	13192	16287	17162	21120	10240	15481
"Hexanoic_acid,_2-ethyl-_(1TMS)_254181.88_PRED"	24724	40278	29273	58196	53774	48509	89300	272831	20709	104110	60532	107199	83942	111234	28027	118072	32323	41668	353674	78984	58721
Hippuric_acid_(1TMS)_692751.69_TRUE	450	378	526	696	591	175	NaN	1055	510	832	700	415	466	830	493	383	468	465	633	503	87
Histamine_(3TMS)_653726.19_TRUE	1924	2321	1928	1992	2371	3218	3095	3527	2698	3010	2749	2305	2655	3133	2407	2190	2462	2487	2888	2310	3410
Histidine (3TMS) [MP-1.1]	1829	1518	2317	2617	1311	1790	1753	1579	2466	2328	2136	1718	1957	1567	3505	2305	2203	2608	2504	1722	2809
Homocysteine_(2TMS)_506276.72_PRED	9264	11115	8774	10384	10840	13008	15143	14567	13931	15072	11708	13412	13277	14144	13883	11880	13032	12214	17311	9057	13277
Homoserine_(2TMS)_380616.94_PRED	1615	4465	7067	10687	7948	10993	8484	8655	19956	25479	839	12857	10016	14177	14816	13593	26366	29643	23274	816	22272
Homoserine_(4TMS)_510930.09_TRUE	49806	58236	43312	51737	53772	67182	84075	78780	74211	75848	59906	78187	70937	72940	78260	64098	70348	60737	92015	48850	68285
Homoserine_lactone_(2TMS)_458933.88_PRED	9593	12146	8755	13792	13444	14128	16066	20838	16627	17091	15858	19181	16841	17907	17728	14416	16249	14449	22223	11862	15506
Hypotaurine_(3TMS)_509415.53_TRUE	120418	138461	111341	130612	137137	166650	207535	192932	169980	190463	149113	172529	168192	187529	172817	147873	166941	152952	215666	125820	169086
Hypoxanthine_(2TMS)_659841.12_TRUE	825	1788	1195	1335	1548	1387	1170	1702	1067	2110	1495	1395	1423	1728	1130	1240	1955	2111	1985	1883	1463
Indole-3-acetaldehyde_(1MEOX)_(1TMS)_BP_657093_PRED	1123	1253	1042	1153	1167	1879	1721	1841	1652	1557	1507	1788	2016	1845	1666	1386	1401	1325	1482	1190	1867
"Indole-3-acetic_acid,_1H-_(1TMS)_668169.31_PRED"	813	847	1271	1904	1430	1396	1528	2284	1163	1563	1618	1176	1102	1783	1012	981	1044	1430	1520	1264	1431
"Indole-3-butanoic_acid,_1H-_(1TMS)_755498.5_PRED"	940	1252	1085	1336	1316	1532	1631	2176	1397	1577	1321	1882	1498	2058	1534	1257	1370	1481	1801	1353	1486
Inosine_(4TMS)_904803.88_TRUE	4251	8458	5231	5454	7840	7666	7207	8973	7440	9183	8015	8582	8879	8857	6773	7431	7758	8125	8471	7913	7735
"Inositol-2-phosphate,_myo-_(7TMS)_863697.56_PRED"	977	1058	851	1271	954	1519	1342	1828	1037	1250	1393	1274	1391	1600	997	766	787	1109	1125	1162	1112
Isocitric_acid_(4TMS)_597989.19_TRUE	18074	18064	16451	18601	15511	18166	18812	18016	18310	17779	16517	17182	17393	16427	15871	15426	16886	15851	17260	17350	17055
Isoleucine (2TMS) [MP-1.1]	1063	1100	955	1290	1313	1496	1819	2022	1186	1528	1092	1426	1181	1809	1265	1100	1423	1286	1556	1071	1443
"Isovaleric_acid,_2-oxo-_(1MEOX)_(1TMS)_BP_269296.62_PRED"	4350	5013	4766	6344	5933	6441	7241	15017	4775	8710	6702	8314	7156	8672	5354	6457	5124	5897	16446	6839	6861
Leucine (2TMS) [MP-1.1]	2131	2451	2285	2460	2947	3465	3735	4471	2580	3337	2362	3179	2661	3383	2457	2327	2933	2949	3502	2384	3469
"Levulinic_acid,_5-amino-_(1MEOX)_(3TMS)_BP_591715.44_TRUE"	4033	5783	9402	7673	15134	7384	4672	16716	7850	6203	7242	9268	15035	12733	2783	10710	4841	14183	4990	3280	10104
"Levulinic_acid,_5-amino-_(1MEOX)_(3TMS)_MP_574704.06_TRUE"	5858	6802	3044	4208	6735	7351	8759	12243	8005	5056	6023	11808	8984	10334	6391	6528	5482	4137	6961	4965	5950
Lysine (3TMS) [MP-1.1]	3467	4114	5666	5069	6591	5363	4440	9248	7589	5412	5669	6535	7180	8174	3426	6325	3529	5927	4155	3450	10964
Lysine_(3TMS)_631402.94_PRED	863	1165	869	939	1096	1239	1571	1598	1289	954	1077	1512	1278	1484	1174	1122	1050	990	1196	994	1217
Lyxonic_acid_(5TMS)_539863.25_TRUE	1798	1550	2927	3756	1446	2460	2192	1310	2612	4950	4404	1539	1699	2116	4064	2787	3353	3946	4476	2178	3563
Lyxose_(1MEOX)_(4TMS)_BP_488187.75_TRUE	1127	1437	1473	1863	1487	1714	1414	1557	1668	2180	1957	1738	1745	1844	1662	1389	1654	1831	1542	1207	2244
Malate (3TMS) [MP-1.1]	7225	8900	5074	8674	7957	8479	11487	12720	10253	13370	6920	9514	9422	11661	8386	7186	9319	9995	12532	6600	9941
"Maleamic_acid,_N-ethyl-_(2TMS)_459686.66_TRUE"	771	955	665	1145	1132	1128	1205	1732	1384	1481	1377	1590	1380	1335	1440	1195	1296	1298	1641	938	NaN
Malic_acid_(3TMS)_442513.44_TRUE	2677	3348	1924	3375	2825	3185	4451	5119	3696	5113	2398	3595	3607	4558	2955	2666	3466	3546	4628	2565	3922
Mannitol|Sorbitol (6TMS) [MP-1.1]	4285	4266	5442	6496	6655	5803	6780	9994	5741	5971	5928	6025	6523	7945	5226	5594	4787	7633	6260	4755	7508
"Mannopyranoside,_1-O-methyl-,_alpha-_(4TMS)_559825.75_TRUE"	1114	1758	1317	1669	1892	NaN	1884	3607	2121	2054	1807	2403	2532	2921	1958	1648	1566	1846	1992	1357	2125
Methionine (2TMS) [MP-1.1]	1266	1450	1371	1464	1503	2074	2325	2952	2517	1856	1645	2344	1950	2032	1783	1903	1322	1848	2250	1559	2118
"Mevalonic_acid-1,5-lactone_(1TMS)_454636.47_TRUE"	8957	11581	8996	13183	12949	13419	15122	20005	15869	16319	15521	18515	15650	16871	16282	13869	15078	13695	20689	11192	14189
myo-Inositol-1-phosphate_(7TMS)_788938.62_PRED	420	411	368	836	542	543	548	795	714	984	739	626	731	918	972	530	840	897	896	398	894
NicotiaNaNmine_(4TMS)_902113.62_PRED	925	1817	1126	1337	1944	1687	1588	1966	1563	1966	1814	1759	1898	1871	1433	1617	1618	1695	1880	1578	1637
NicotiNaNmide (1TMS) [MP-1.1]	2133	4780	3446	2857	5431	4552	5107	7734	3856	3905	3143	4284	3946	6348	4340	2141	3824	3826	4491	4761	3766
NicotiNaNmide (2TMS) [MP-2.1]	353	825	1295	1308	676	923	568	307	775	1525	946	497	566	631	1339	522	1422	1430	1390	1099	1140
NicotiNaNmide_(2TMS)_455050_TRUE	6604	9036	6554	10163	9862	9628	10847	15291	11690	12145	11491	13476	11672	12660	12580	10667	11337	10621	15191	8290	10901
"Nicotinic_acid,_6-hydroxy-_(2TMS)_503069.03_TRUE"	747	917	658	556	612	835	1061	885	954	1045	791	974	1071	995	1060	890	1023	806	1127	629	875
NoNaNdecane_653263.69_PRED	8230	9271	7792	8465	9147	13493	13170	13388	11579	11687	10792	9694	9468	13159	9696	8552	9847	9550	11349	9430	13511
"NoNaNn-1-ol,_n-_(1TMS)_336924.19_PRED"	42385	55786	45141	54614	59124	62222	70945	87399	62175	74066	66233	70872	63524	72598	64293	54600	59044	60428	76292	52551	62091
NoNaNnoate ((1TMS)) [MP-1.1]	268	601	936	1474	1149	1487	1119	1259	2354	3394	345	1628	1261	1914	1797	1857	3104	3619	2942	171	2840
Norleucine_(2TMS)_337195.69_TRUE	185641	242568	185653	228879	256661	266914	318496	379062	269926	313063	272670	320001	285179	310986	274305	233337	261103	248054	327855	227623	264735
"Octadecadienoic_acid,_9,12-(Z,Z)-_(1TMS)_775215.19_PRED"	12972	14619	17781	28982	18198	19067	16402	35341	14157	28339	30042	13893	14031	26228	18478	10819	20092	21051	26799	20952	21541
"Octadecan-1-ol,_n-_(1TMS)_754094.19_PRED"	819	1061	915	1168	979	1225	1327	1918	1138	1165	1219	1410	1314	1658	1262	1047	1101	1315	1370	1083	1220
Ornithine (4TMS) [MP-1.1]	360	450	574	445	2710	558	448	986	613	749	557	660	600	725	401	728	432	763	488	381	934
Ornithine_(3TMS)_(Derivate_not_found)_492548.84_PRED	2826	3489	3473	4759	3620	4287	3815	4045	3951	5334	4970	4451	4211	4727	4046	3049	4179	4136	4036	2996	5576
Ornithine_(4TMS)_572079.81_PRED	19669	22791	9873	12748	21924	24194	29380	43406	26143	17087	19367	37930	30085	33788	21840	20936	17594	13461	23264	17722	19087
"Orotic_acid,_4,5-dihydro-_(3TMS)_616339.19_TRUE"	399	612	924	1095	1015	953	915	466	684	1053	1051	924	806	959	891	726	709	891	1027	602	1347
Orthophosphate	590808	774800	522848	624005	778711	817467	1053384	1206158	853145	920951	759213	1092605	952068	939612	830082	718013	842800	699509	1005803	724897	760708
Oxalic_acid_(2TMS)_236929.91_PRED	18810	30604	36310	61692	14450	45671	20547	4913	37188	79519	51860	27494	33975	23955	54972	47784	68644	48087	76721	25643	58185
"Pentadecan-1-ol,_n-_(1TMS)_636157.25_PRED"	2849	3672	2975	3026	3480	4361	5311	5283	4122	3258	3662	4687	4431	4898	4161	3511	3057	3091	3996	3323	4120
"Pentadecane,_n-_462471.41_PRED"	2347	2784	2140	3302	3269	3451	3755	4877	4112	4223	3847	4622	4005	4394	4301	3830	3832	3625	5039	2857	3874
"Pentadecanoic_acid_methyl_ester,_n-_620606.38_PRED"	3566	4052	3560	3331	3998	5015	6088	5738	4546	4021	4485	5279	5175	5342	4681	4050	3516	3863	4597	3874	4530
Phenethylamine_(2TMS)_490740.62_TRUE	59313	72734	77346	94893	78329	88541	80347	79903	87116	115538	102081	97093	92367	103176	86839	68310	89606	87470	82505	65669	119980
Phenylalanine (2TMS) [MP-1.1]	1643	2047	2099	2375	2222	2180	2791	3134	2380	2337	1817	2607	2506	2529	2600	2139	2185	1983	2436	1731	2465
Phenylalanine_(1TMS)_492082.22_PRED	6172	7684	8117	10162	8097	9200	7804	8138	8982	11576	11067	9697	9098	10611	8955	7143	9254	9120	8653	6768	12747
Phenylpyruvic_acid_(2TMS)_575884_TRUE	6900	7583	3377	4670	7618	8149	9648	14121	8635	6206	6831	12894	10270	11087	7577	7231	6055	4817	8019	6147	6832
Phosphoric_acid_monomethyl_ester_(2TMS)_258939.19_PRED	3974	6373	4675	9114	8687	7929	14871	43823	3432	15953	9514	16708	13517	17266	4219	18019	5124	6869	56081	13074	9303
"Pimelic_acid,_2,6-diamino-_(4TMS)_654293.81_TRUE"	2203	2501	2035	2143	2476	3715	3501	3375	3122	3088	2662	2831	2854	3485	2986	2517	2565	2278	2938	2575	3601
Proline [MP-1.1]	5809	6730	5353	6638	7095	8114	10255	11336	8076	7740	6718	9085	8262	8910	6510	7130	6696	6171	8762	6500	8375
"Proline,_4-hydroxy-,_trans-_(3TMS)_450628.06_PRED"	3326	5307	7179	6774	8783	5887	4654	13876	8153	6841	7157	7563	9695	9646	3000	8970	5183	10142	5589	3559	10452
Proline_(2TMS)_340374.03_PRED	16575	15295	9618	12469	15018	18720	20841	29416	16700	19733	13116	19462	13808	20629	11519	14223	15597	15229	16709	14196	15004
Proline_[+CO2]_(2TMS)_534232.75_TRUE	7525	5966	10943	15194	5290	9808	9054	4660	10457	19198	16331	6018	6648	6906	15840	10828	14238	15063	17679	9412	13076
Psicose_(1MEOX)_(5TMS)_BP_573563.38_TRUE	5535	6233	2796	4166	6258	6846	8123	11730	7248	5412	5849	10681	8601	9610	6260	6160	5102	3831	6599	4969	5704
Putrescine_(4TMS)_519185.38_PRED	698	756	144	442	195	1085	2578	365	471	454	305	576	173	528	2454	139	667	146	1308	1765	302
"Pyridine, 2-Hydroxy- (1TMS) [MP-1.1]"	5874	7990	4007	6876	9982	9819	12462	10617	8201	7557	6080	11922	8511	13536	7746	5878	6407	6556	12573	7574	6414
"Pyridine,_3-hydroxy-_(1TMS)_283546.44_PRED"	477	548	412	445	821	821	864	1403	533	369	378	665	619	962	324	364	293	520	560	628	426
Pyroglutamate (2TMS) [MP-1.1]	230917	266669	200806	244866	248833	307675	396852	385926	340191	350453	271487	368420	337418	343372	369607	297048	330084	278909	421973	231624	311948
Pyrophosphate [MP-1.1]	893	1534	797	1252	1439	1898	1164	1036	1663	1616	1361	2659	2394	2838	1902	1446	950	1466	1499	747	1840
Pyruvate (1MEOX;1TMS) [MP-1.1]	750	755	547	901	784	1563	1809	2337	2148	1481	1155	2435	1823	1932	1919	1849	1104	1148	2216	844	1484
Rhamnose (1MEOX;4TMS) [MP-1.1]	812	1009	960	291	170	1227	1353	1405	1170	422	481	1133	984	1563	504	1082	1086	1197	1284	1033	367
Rhamnose_(1MEOX)_(4TMS)_MP_517543.41_PRED	1118	1229	885	320	162	1632	NaN	1446	1209	279	437	1196	861	NaN	2019	971	1303	994	1796	1282	326
"Ribonic_acid-1,4-lactone_(3TMS)_550463.56_TRUE"	14702	20282	15003	12798	17445	21858	26061	25520	27569	16936	17626	31273	28834	28231	21362	24239	17528	17799	21207	15475	21731
Ribose_(1MEOX)_(4TMS)_MP_503578.66_TRUE	23306	27336	22923	27124	27875	33134	40071	39466	34314	39357	30351	33275	31972	36650	33259	29580	32526	32344	43938	24976	34565
Serine (2TMS)	481	662	438	377	868	874	989	1235	619	434	496	1044	1000	1205	286	467	387	487	373	601	536
Serine (3TMS) [MP-1.1]	23477	26550	23211	25327	28928	34343	43955	47391	33881	33921	31738	39983	36668	37800	33855	27284	28311	29209	37120	26444	36715
Serine (4TMS)	1101	1549	1083	1724	1756	1793	1993	2595	1941	2308	1966	2425	2112	2468	2134	1689	2031	1822	2642	1651	1828
"Serine,_N-acetyl-_(2TMS)_491357.06_PRED"	15710	19577	20229	25413	20937	24024	21605	22357	24260	30815	26885	26273	24313	27051	23454	18188	23981	23104	22276	17418	31702
"Serine,_O-acetyl-_(2TMS)_410213.62_TRUE"	1162	1521	1477	146	3462	2257	1990	6194	1007	65	135	1973	2387	3417	47	1094	61	1884	121	1517	172
Serine_(2TMS)_328955.09_PRED	6879	8891	6911	8722	9528	9908	11994	13958	9606	11683	10215	11918	10494	11497	10284	8528	9648	9199	12317	8450	9997
Siloxane_596806.25_PRED	1323	1325	1281	1459	1359	1281	1339	1353	1462	1304	1319	1181	1244	1167	1285	1082	1193	1358	1250	1386	1247
Siloxane_739483_PRED	555	658	339	1085	746	769	910	1600	391	614	1188	556	672	1000	516	497	770	587	517	884	613
Siloxane_818848.44_PRED	363	422	353	988	462	587	563	833	246	528	861	422	417	680	382	433	713	429	417	540	548
similar_to_Asparagine_Derivate_505075.09_PRED	24253	27469	20923	25448	26033	32228	40884	38169	34784	37097	27975	38147	34485	35202	37971	29978	34285	29168	43940	23569	32089
similar_to_Diethanolamine_(2TMS)_335362.44_PRED	1067	1480	1179	1398	1682	1623	1873	2449	1616	2015	1623	1842	1707	1845	1464	1479	1615	1735	1946	1358	1759
"Sorbitol, U13C-"	19201	17614	25035	33582	27519	26780	35844	46317	23355	28367	26693	23102	24015	35607	22672	19420	20842	33178	29686	23235	32961
Spermidine (5TMS) [MP-1.1]	213	256	708	659	560	435	281	887	754	672	524	616	636	780	229	472	323	645	213	258	1011
SucciNaNte (2TMS) [MP-1.1]	4813	4353	4068	5234	4790	5650	8358	8529	6663	7388	5513	7147	6183	6787	6031	6144	5341	4302	6424	4002	7925
Succinic_acid_(2TMS)_365265.25_TRUE	44236	39535	36183	48239	42278	50572	76145	77906	61915	68595	46628	66274	55250	61915	54488	54839	46738	38400	58500	38515	66588
Tartaric_acid_(4TMS)_511834.44_TRUE	24733	29374	23237	27250	27620	33682	40937	40085	36620	39087	29786	36194	34740	38722	35617	31736	34831	31678	46198	25571	34810
Tetradecanoic_acid_methyl_ester_(FAME_MIX)_489255.38_PRED	51491	63704	66606	83167	68433	76171	73543	71138	76959	100450	87674	83417	78693	91260	75162	58501	76030	74075	72821	58072	102605
Threonine (3TMS) [MP-1.1]	4807	5533	4505	5818	5573	5915	7081	8191	6356	6541	5734	6853	6801	7758	5990	4982	5001	4719	6004	5176	6721
"Threonine,_O-methyl-,_L-_(2TMS)_334293.72_PRED"	438	602	427	468	623	619	699	911	597	812	608	847	649	638	636	547	632	541	720	512	584
Threose_(1MEOX)_(3TMS)_MP_432507.62_PRED	697	1156	361	685	1293	1090	1584	2563	1153	725	780	2271	1744	2358	807	825	709	569	1124	684	859
Triacontanoic_acid_methyl_ester_(FAME_MIX)_1116102.38_PRED	4082	4161	5876	7946	7305	7168	8318	11820	5250	6722	7723	5905	5788	15736	4998	4266	4470	7366	7396	11957	6843
"Tridecan-1-ol,_n-_(1TMS)_547762.06_PRED"	7934	11479	8410	7167	9745	12234	14114	14286	14790	9175	9968	17109	15503	16055	11546	13164	10063	9989	11718	8044	11826
"Tridecane,_n-_342778.75_PRED"	44103	39242	25819	34955	38448	48974	58765	80679	44246	52028	35599	50972	35925	56341	31380	37703	40906	39569	45876	38699	41276
Triethanolamine_(3TMS)_493189.91_PRED	7211	8959	9654	11418	9292	10964	10047	9569	10878	14089	11962	11945	11170	12787	10577	8270	11079	10857	9994	8001	14883
Tropine_(1TMS)_336960.03_PRED	11535	15264	11548	13950	15804	16497	19063	22321	17137	19800	17618	19762	17838	19262	17922	15101	16420	15645	20415	13446	16874
Tropinone_(1MEOX)_343648.91_PRED	15036	13988	8549	11224	12952	16874	18231	26282	15433	17754	11947	17738	12305	19312	11041	12964	13883	13441	15550	13110	13838
Tryptophan (3TMS) [MP-1.1]	640	1047	852	1279	1139	923	1620	2129	1021	1374	868	1584	1322	1586	1481	1104	1461	1402	1841	781	1220
Tyrosine (3TMS) [MP-1.1]	3293	2820	2797	3253	3374	3570	5216	6056	5419	3328	3390	5068	4243	4929	4045	4264	3025	2901	3791	2965	4696
Tyrosine_(3TMS)_659029.31_TRUE	83556	95173	73485	73791	87678	140259	134001	125355	122739	110244	97994	136835	134695	134043	127814	98242	102518	84022	110184	94105	138457
Uracil (2TMS) [MP-1.1]	856	827	735	1226	1038	890	990	1070	913	1691	1484	905	880	1098	1053	944	1158	1215	1742	839	1497
Urea (2TMS) [MP-1.1]	80126	70603	45693	58616	68575	85567	94032	132195	81476	94143	62620	87905	65299	93243	53924	67641	73768	67978	82190	60548	71988
Uridine_5'-monophosphate_(5TMS)_995880.69_TRUE	2377	571	965	1330	866	1160	1495	2148	1702	2594	1529	3697	3066	3715	2915	1849	1446	1606	1971	1296	1565
"Valeric_acid,_3-hydroxy-3-methyl-_(1TMS)_235895.11_PRED"	1878	3047	3585	6403	1514	4620	2016	561	3930	8234	5452	2966	3398	2395	5562	5042	7055	5046	7971	2594	6205
Valine (2TMS) [MP-1.1]	1979	3041	2617	4766	3551	3615	5914	NaN	2208	6381	NaN	5151	4915	NaN	2733	6234	2813	3538	15553	4924	4511
Viburnitol_(5TMS)_635711.5_PRED	1531	1803	1621	2169	1854	2433	2553	2890	2215	2995	2053	3174	2870	3116	2256	1967	2181	2258	2551	1676	2817
Xylitol (5TMS) [MP-1.1]	1306	1471	1173	1675	1684	1816	1993	2284	1713	1985	1897	2001	1993	2094	1684	1635	1654	1684	2010	1636	1815
Xylose (1MEOX;4TMS) [MP-1.2]	743	1107	345	385	1199	1150	1214	2022	1045	712	644	1868	1548	2028	798	797	734	603	884	599	893
