putative Compound	hum_101_1 _cer	hum_102_1 _cer	hum_103_1 _cer	hum_104_1 _cer	hum_105_1 _cer	hum_106_1 _cer	hum_120_1 _cer	hum_121_1 _cer	hum_141_1 _cer	hum_153_1 _cer	hum_98_1 _cer	Wt_132_1 _cer	Wt_133_1 _cer	Wt_134_1 _cer	Wt_135_1 _cer	Wt_142_1 _cer	Wt_147_1 _cer	Wt_148_1 _cer	Wt_91_1 _cer	Wt_wt1_1 _cer
(std.i) U13C-Sorbitol	3014	3014	3014	3014	3014	3014	3014	3014	3014	3014	3014	3014	3014	3014	3014	3014	3014	3014	3014	3014
1-Pyrroline-2-carboxylate	1757	357	497	668	463	1137	717	1267	333	257	1637	326	330	358	378	670	171	283	1000	304
2-Piperidinecarboxylic_acid_(2TMS)_375026.84_TRUE	2192	3266	2443	2372	3476	3694	2845	2628	2969	3156	2138	2776	2168	3661	4413	3367	4516	4518	4013	3030
"Aconitic_acid,_trans-_(3TMS)_600462.25_PRED"	9297	9475	9437	8655	9223	9674	8310	8260	9144	9097	9000	8533	8644	8651	9245	8887	9298	8829	9305	8722
Adenine (2TMS) [MP-1.1]	828	1154	1349	1021	1322	1665	1301	1377	819	1740	1159	1314	1391	1174	1392	1411	1004	1556	1645	1318
Adenine_(1TMS)_586048_PRED	14076	11516	13466	10892	17958	16488	20112	19258	13195	16673	16660	14071	13193	15101	21752	16353	13734	15865	24267	18845
Adenosine 5-P (|ADP|ATP) (5TMS) [MP-1.1]	18794	18268	18055	22012	21085	22291	29280	26646	17773	23742	24946	23425	37033	31578	38302	32798	28983	21341	36044	24121
"Adipat, 2-Amino-"	551	850	874	712	905	972	1049	990	964	994	705	1083	1134	1151	1143	926	815	956	1067	984
"Adipo-2,6-lactam_(2TMS)_492238.44_PRED"	826	1105	1417	1180	1146	1125	1337	1119	868	1410	1200	1239	1060	1106	1509	1218	933	1159	239	1116
Agmatine_[-NH3]_(3TMS)_578698.75_PRED	2665	2739	2467	2128	2225	3954	2837	3594	3415	3384	3012	3500	3762	2901	3300	2835	3203	2825	4646	3911
Alanine (2TMS) [MP-1.1]	26071	27344	28373	24307	29594	38279	30312	36447	34687	38914	30577	30103	34286	30237	41461	32003	42633	34812	34650	48570
"Alanine, beta- (2TMS) [MP-2.1]"	16986	12002	13643	10466	14514	13306	15500	17534	10295	14583	14479	14973	14160	15788	25694	14642	14766	12231	22042	17427
"Alanine,_beta-_(2TMS)_273369.53_TRUE"	108009	78913	92175	72663	94753	91257	104127	117481	70008	95801	101185	101639	96330	101677	173622	100164	103916	83060	155079	117403
Alanine_(2TMS)_207563.2_TRUE	2884	2445	3069	2188	3029	3684	3031	4077	2912	4076	2751	3069	2657	2961	3796	2858	3086	3077	2711	4495
Alanine_(3TMS)_355868.03_PRED	11156	11534	12678	10972	13373	14589	12882	13108	12737	14194	11962	13073	13661	15249	15265	13889	14544	14024	21192	13427
Allose_(1MEOX)_(5TMS)_BP_588062.44_PRED	1234	740	1021	1552	1630	1535	2702	10487	4429	1622	2088	5071	3441	1165	3012	795	2438	904	2274	6785
Allose_(1MEOX)_(5TMS)_MP_577900.56_PRED	50289	35397	34937	53928	41286	36367	58325	49456	54114	58988	64854	51858	56674	78451	77576	72859	92210	46932	150968	60219
Anthranilic_acid_(2TMS)_539191.25_TRUE	6251	11296	12262	7433	12455	17722	9194	10694	9090	11948	7400	11235	7928	6588	11258	6219	6247	12953	4082	8789
"Arabinonic_acid-1,4-lactone_(3TMS)_526082.88_TRUE"	668	767	1907	2007	1092	NaN	2154	1970	2060	2643	2248	2083	1957	2474	2426	2156	2560	2274	1040	2005
Arabitol_(5TMS)_503104.56_PRED	4773	5715	6108	6209	6202	7037	6311	6276	6322	8350	5962	6561	6670	7254	7737	6775	7584	7630	6967	6180
Arginine [MP-1.1]	243444	294803	365095	311877	303407	291801	350831	312177	243970	399992	330441	381493	314114	328426	375593	374429	291341	320740	35866	316394
Ascorbate (4TMS) [MP-1.1]	1067	837	2746	1104	3047	1002	933	2574	913	1656	1891	1878	906	1731	1810	2189	1488	1631	3196	1077
"Ascorbate, 1-Dehydro- (dimer;2MEOX) [MP-1.1]"	53125	48758	55403	56460	48624	61885	64450	56652	55221	54018	60553	54428	56981	67900	63271	65242	60290	52746	56803	57265
Ascorbic_acid_(4TMS)_652392.44_TRUE	2310	2403	2639	2502	2846	3458	2767	2875	2780	3062	2985	2983	2586	2961	4201	2964	3026	3074	4605	3043
Asparagine (3TMS) [MP-1.1]	118021	115679	98611	106886	140209	105124	147289	188324	130888	172258	160871	142735	112028	150306	204639	169591	163739	149768	164184	127161
Asparagine (-H2O;2TMS) [NN-3.1]	7242	3137	3201	7467	3726	2630	7032	5155	4816	6386	8466	5229	5470	10688	8948	9932	10120	3743	6157	7148
Asparagine_(3TMS)_550488.31_TRUE	37118	35580	30192	32209	42877	32963	45420	56851	41354	52791	50215	44641	34563	45536	62583	52444	52472	46311	51797	38700
Asparagine_(4TMS)_BP2_626664.06_TRUE	682	573	631	609	628	736	737	610	604	622	603	591	711	801	733	747	692	640	611	767
Aspartate (3TMS) [MP-1.1]	67191	103134	108920	108940	138395	123372	125581	131871	129907	147784	106349	145289	127799	137160	210776	129456	169666	139366	219368	123254
Aspartic_acid_(2TMS)_458076.97_TRUE	16249	24182	25894	24967	32580	28799	30144	31446	29137	34482	25236	33616	29322	31466	48595	29749	35932	31610	48640	29170
Benzoate (1TMS) [MP-1.1]	657	569	712	672	1155	1009	920	745	568	739	840	809	521	671	1079	655	672	708	1651	862
"Benzoate, 4-Hydroxy- (2TMS) [MP-1.1]"	1732	3201	3482	2094	3328	4524	2578	2934	2553	3424	2087	3205	2260	1921	3158	1807	1807	3592	1131	2480
"Benzoic_acid,_3-hydroxy-_(2TMS)_507250.44_TRUE"	1284	1464	1666	1545	1710	1828	1689	1635	1769	2171	1655	1782	1813	1922	2017	1791	2019	1980	1909	1711
"Benzoic_acid,_4-amino-_(2TMS)_650574.94_TRUE"	62188	64645	71179	66828	72309	89028	77447	78023	68936	76484	75518	75425	63111	71682	102928	74816	69024	77513	110584	80772
"Butanoate, 4-Amino- (2TMS) [MP-2.1]"	9065	44226	26086	15267	44413	78646	12848	7265	53112	48498	17909	36278	13753	12173	34042	13937	101216	75785	16508	11929
"Butanoate, 4-Amino- (3TMS) [MP-1.1]"	69460	41790	67537	82333	47970	25020	87562	88756	49826	79403	73259	79053	91303	110876	139143	124367	38606	37233	181435	103590
"Butanoic_acid,_2-amino-_(2TMS)_249223.84_TRUE"	1021	821	600	750	921	NaN	486	1119	666	1462	NaN	880	515	632	882	NaN	606	949	276	542
"Butanoic_acid,_2-oxo-_(1MEOX)_(1TMS)_MP_252911.77_PRED"	258370	106299	127240	69895	154601	114511	117174	121373	88611	114200	94741	97024	90757	238320	130034	113936	163642	76354	10775	89669
"Butanoic_acid,_4-amino-_(2TMS)_342578.41_TRUE"	9065	44226	26086	15267	44413	78646	12848	NaN	53112	48498	17909	36278	13753	12173	34042	13937	101216	75785	16508	11929
"Butanoic_acid,_4-amino-3-hydroxy-_(4TMS)_531278.19_TRUE"	17740	26075	29837	19743	28778	37801	23615	26650	22276	28946	14466	27265	20937	20289	27754	18513	17984	29398	8671	22736
"Butyrate, 2-Amino- [MP-1.1]"	523	654	555	507	546	1144	486	613	535	877	469	528	322	441	619	481	498	824	328	507
"Butyrate, 3-Hydroxy- [MP-1.1]"	446	524	626	641	751	672	867	657	718	989	464	639	476	499	1123	737	948	867	833	967
"Butyro-1,4-lactam,_2-amino-_(2TMS)_452058.31_PRED"	16056	9816	16242	19661	11813	6043	21244	21995	11804	19033	17029	18810	20901	26197	32611	29221	8573	9056	42955	24686
"Butyro-1,4-lactam_(1TMS)_241244.02_PRED"	6640	10539	8981	5246	10534	19033	5136	6230	5675	16747	5733	9100	3743	5916	6028	7339	7062	16212	6819	5369
Caffeine_754467.62_TRUE	1920	1840	1834	1871	2084	2080	1929	2230	1788	2050	1979	2056	1963	2071	3101	2379	2386	2044	1085	2022
Calystegine_B1_(1MEOX)_(TMS)_623873.94_PRED	752	747	810	845	855	953	969	835	799	815	899	752	810	934	1011	943	845	755	869	876
Calystegine_B2_(1MEOX)_(3TMS)_BP_620736.44_PRED	933	798	889	852	804	998	960	886	840	800	956	855	951	1122	1092	1035	1014	864	891	962
Calystegine_B4_(1MEOX)_(3TMS)_598843.25_PRED	2368	2339	2355	2401	2482	2779	2382	3055	2893	2661	2657	2854	2559	2365	2901	2364	2696	2434	3089	2898
Cholesterol_(1TMS)_1079629_TRUE	9732	7440	10855	7356	7694	4999	4270	18753	8936	14796	25903	9837	24796	9754	17331	11866	25581	13288	20845	9535
"CinNaNmic_acid,_2-methoxy-,_cis-_(1TMS)_527345_PRED"	512	578	620	603	700	701	639	702	645	609	556	627	802	634	795	689	612	617	1268	629
"CinNaNmic_acid,_3,5-dimethoxy-,_trans-_(1TMS)_753001.19_TRUE"	2827	2817	2811	2996	3236	3010	2918	3327	2623	3198	2888	3221	3283	3017	4711	3510	3682	3105	1594	3386
"CinNaNmic_acid,_3-hydroxy-,_cis-_(2TMS)_599148.38_TRUE"	15711	15923	16365	14749	15667	17095	13792	13741	15132	15494	15472	14345	14435	14669	15988	15559	15963	15216	15270	14988
"CinNaNmic_acid,_3-hydroxy-,_trans-_(2TMS)_653564.75_TRUE"	58974	59540	65654	64813	69440	81937	72546	73991	69046	75512	75043	74511	63524	71557	103706	73658	70060	75131	107726	79758
"CinNaNmic_acid,_3-methoxy-,_cis-_(1TMS)_587950.5_TRUE"	5108	4418	4810	3930	6671	6437	7496	7054	4854	5988	5923	5060	4764	5472	8013	5751	5154	5798	8418	6544
"CinNaNmic_acid,_3-methoxy-,_trans-_(1TMS)_649428.75_TRUE"	347000	357554	391492	371184	413329	494545	433645	437407	388376	427894	424014	418132	352884	394101	573792	419069	382442	433007	609234	455939
Citrate (4TMS) [MP-1.1]	6034	7641	6433	6425	6439	8063	6771	7272	7691	8308	6273	6901	6474	7310	7883	6970	8868	7097	11286	7089
Cystathionine_(4TMS)_754589.12_TRUE	1225	1402	1576	1391	1641	1451	1317	1469	1322	1457	1004	1409	1390	1303	1424	1347	1527	1439	1866	1444
Cysteine_(3TMS)_479326.28_TRUE	1840	1927	1752	2347	2277	3159	1816	2082	1982	3283	1921	1509	1867	1940	2208	2451	2446	2444	2435	2773
Cytosine_(2TMS)_515287.31_TRUE	295	1295	586	340	1673	4274	422	177	1778	828	473	701	163	411	666	408	2892	3126	94	402
Dehydroascorbic_acid_(2MEOX)_BP_639171.94_PRED	8098	7626	7572	8424	6614	8912	8808	7989	8329	7870	8481	7620	8163	9880	9100	9660	8268	7549	15080	7728
"Docosahexaenoic_acid,_4,7,10,13,16,19-(Z,Z,Z,Z,Z,Z)-_(1TMS)_907201.25_TRUE"	2425	2819	2723	2723	3103	3274	2405	3123	3003	4093	2938	2688	2697	3151	3775	3103	3546	4014	4419	3519
Dodecane_260776.19_PRED	23888	11531	14089	7618	17040	11983	12673	13238	9758	12308	10220	10281	9674	23161	14343	11955	16841	8147	1122	9663
Dodecanoate (1TMS) [MP-1.1]	1286	656	1404	1346	656	1019	1840	1956	1370	1751	1734	1723	1426	1772	1958	1704	1794	1810	551	1460
Eicosanoic_acid_methyl_ester_(FAME_MIX)_818614.44_PRED	433	614	577	423	619	771	721	591	415	551	495	467	349	426	686	488	401	510	715	573
Ergosterol_(1TMS)_1051145.12_PRED	879	809	842	980	975	1017	1330	1242	951	1105	1177	1087	1654	1459	1793	1426	1273	1095	1721	1192
"Erythronic_acid-1,4-lactone_(2TMS)_462181.38_TRUE"	13483	21103	23104	22392	28681	25084	25664	27047	26548	30988	22454	29978	26593	28545	43219	26735	35009	28884	45778	25036
Ethanolamine [MP-1.1]	66580	2496	3046	58338	3283	1864	94357	49434	18151	4528	63623	2357	49493	57785	82155	65822	18639	1804	76089	82417
Ethanolamine_(3TMS)_321815.91_PRED	27874	14959	24563	29711	22834	9822	36103	59187	21118	27290	28970	30254	32736	40667	80939	40692	17877	11906	84131	52438
FAME C10:0	85796	94097	117669	85271	133545	154036	128546	115389	76495	91049	93855	87453	72175	78562	130055	88887	72462	89510	144528	105066
FAME C12:0	101600	119365	137411	103153	163273	191623	157497	144021	95184	111637	112310	105851	88373	95506	151085	113393	88714	113846	150899	125013
FAME C14:0	124869	140124	160495	120029	189401	223831	182489	166668	113366	140341	141826	126214	106896	122260	177964	139150	105828	135126	190779	148882
FAME C16:0	95179	106731	129876	94076	151321	180928	145272	130576	86068	110715	108677	99853	87693	91705	141227	100620	81260	113251	145296	121853
FAME C18:0	32807	37704	45902	32992	51997	58854	50047	46042	29214	36715	38707	35000	28888	32604	47311	36769	28090	37602	49317	42275
FAME C20:0	32390	35687	42276	32701	52548	61812	48418	43498	26933	36614	36509	31283	27232	30091	47564	34827	26486	35178	49534	38564
FAME C22:0	28129	30408	38529	26322	43767	48448	42006	37056	23720	29360	29832	26383	23065	24707	40057	28472	22238	29852	40389	32765
FAME C24:0	21613	23453	29057	19348	33587	38220	31582	26627	16643	21184	22609	21047	17870	19341	29491	22385	16844	23337	29461	23687
FAME C26:0	16213	18678	21854	15330	25908	29301	24970	21231	13741	17558	17714	16290	13473	15746	25584	18353	13891	17100	22239	20265
FAME C28:0	11744	12654	15609	11845	19815	21242	18413	14620	10424	13431	12468	11988	11065	12558	19174	14357	10856	13169	15878	14551
FAME C30:0	5210	5702	6689	5668	9021	9756	8474	6592	4763	6133	5513	5123	4865	6248	8733	6791	5032	5866	7382	6907
FAME C8:0	73487	66563	83058	57947	94514	104110	93530	85432	55259	64719	65550	58096	50368	64611	88781	62372	55315	58002	55789	73847
FAME C9:0	64875	67885	88006	62116	96903	111954	100747	86717	55584	67474	72057	61392	53159	57479	94229	64190	54518	63506	108684	81024
Fructose (|Psicose) (1MEOX;5TMS) [MP-1.1]	2152	2402	2034	2025	2574	2946	9770	3639	3661	2000	2954	3423	2846	2880	4440	2383	2442	2515	4194	5567
Fructose (|Sorbose) (1MEOX;5TMS) [MP-1.2]	1405	1463	1202	1332	1503	1837	5822	2124	2153	1142	1800	1995	1650	1591	2863	1415	1368	1324	2899	3410
"Fructose,_D-_(5TMS)_622992.38_PRED"	10120	8721	10373	10828	9306	11396	12025	10562	10342	10084	11061	10043	10370	12325	11413	11923	11196	9763	10557	10665
Fucose_(1MEOX)_(4TMS)_BP_528624.81_TRUE	185	407	1404	993	504	969	1695	1182	958	1274	1231	1226	943	1294	1282	1249	1794	1035	197	1020
Fucose_(1MEOX)_(4TMS)_MP_522432.03_TRUE	668	767	1907	2007	1092	1220	2154	1970	2060	2643	2248	2083	1957	2474	2426	2163	2560	2274	1040	2005
Fumarate (2TMS) [MP-1.1]	1787	2566	1955	1881	2840	3277	2307	2258	2220	2560	1713	2164	1534	2913	3511	2747	3762	3867	3329	2295
Galactaric_acid_(6TMS)_658294.38_TRUE	313797	319515	344697	337041	370542	447524	379312	376681	380804	390588	384282	406933	363470	404516	544285	395963	432486	405692	603992	418014
Galactitol_(6TMS)_590143.5_TRUE	715	353	659	920	797	823	1432	5343	2392	945	1084	2759	1717	658	1585	478	1391	554	1335	3760
"Galactonic_acid-1,4-lactone_(4TMS)_619566.38_PRED"	164	1434	221	101	1565	38345	106	120	3172	346	145	262	174	245	206	133	20017	13223	1252	120
"Galactono-1,4-lactone [MP-1.1]"	559	591	568	449	639	719	616	693	491	597	496	602	562	552	708	573	521	503	1089	629
"Galactopyranoside,_1-O-methyl-,_alpha-_(4TMS)_585464.62_TRUE"	11162	8663	10022	9132	12101	10560	15815	16444	8967	11830	12808	10866	11633	13174	17802	13954	9224	10692	24529	15906
"Galactopyranoside,_1-O-methyl-,_beta-_(4TMS)_598177.19_TRUE"	26850	27728	29045	27290	26255	25787	23805	26510	27620	27756	27899	25951	26226	26528	27966	27330	27200	27108	26844	27389
GlucoNaNte|GalactoNaNte [MP-1.1]	25859	23811	26830	28058	23905	30472	30972	27521	26881	26179	28764	26052	28126	33344	30746	31492	29427	25287	27665	27295
"Gluconic_acid,_2-oxo-_(1MEOX)_(5TMS)_BP_593592.06_TRUE"	540	563	589	491	511	604	606	524	506	514	592	532	480	557	628	549	481	517	534	521
Gluconic_acid-6-phosphate_[-H2O]_(5TMS)_762561.19_TRUE	556	167	326	552	224	144	770	878	116	300	501	336	758	789	837	714	118	123	2350	849
"Glucopyranose,_D-_(5TMS)_644536.81_PRED"	148	1923	358	218	1457	8931	259	234	1812	1096	446	677	286	275	529	217	11137	6488	869	218
"Glucopyranose,_D-_(5TMS)_678044.25_PRED"	1253	1664	1340	1195	1510	1746	1462	1513	1296	1729	1478	1500	1247	1437	1388	1526	1314	1688	NaN	1313
Glucopyranose_[-H20]_(4TMS)_561007.94_TRUE	1255	1441	1599	1134	1911	2205	1556	1631	1899	1891	1347	2008	1438	1701	1926	1694	2076	1990	1099	1612
"Glucopyranoside,_1-O-methyl-,_alpha-_(4TMS)_613929.06_TRUE"	1292	1110	1320	1047	1563	1220	1451	2001	1180	1544	1420	1776	1378	1508	1876	1757	919	1263	1172	1896
Glucose (1MEOX;5TMS) [MP-1.1]	1399	841	1067	1687	1805	1672	2861	9935	4546	1696	2142	5309	3561	1309	2930	853	2643	843	2435	6716
"Glucose,_2-amino-2-deoxy-_(4TMS)_BP_659366.94_PRED"	98053	121048	137003	100473	142536	172376	151920	136653	93629	114287	113099	104258	81588	92974	148320	107178	83755	114809	151430	123861
Glucose_(1MEOX)_(5TMS)_BP_599322.19_TRUE	1643	1558	1724	1630	1708	1590	1666	2639	2267	1790	1786	2199	2152	1734	1863	1656	1770	1517	1859	2556
"Glucuronic_acid-3,6-lactone_(1MEOX)_(3TMS)_MP_657311_TRUE"	654792	661867	729831	707733	768624	914402	796863	812485	763188	815636	809291	814338	694366	778903	1109098	804629	769852	822970	1188447	865474
Glutamate (3TMS) [MP-1.1]	413259	442321	462308	484385	483255	563237	509608	475211	544237	640484	477031	540218	535631	585058	628431	533927	679351	614121	566995	499532
Glutamine ([-H2O]2TMS) [NN-3.1]	977	2488	4057	1233	3504	3597	1196	1168	1292	2985	1065	2467	971	994	1305	1128	969	2357	816	1179
Glutamine ([-H2O]3TMS) [NN-4.1]	264	637	1033	382	700	877	349	506	457	683	264	556	560	266	364	242	219	600	3160	274
Glutamine (4TMS) [MP-2.1]	879	2095	2533	791	2113	6107	832	1300	904	1148	695	1307	761	NaN	757	575	501	2128	842	865
Glutamine [MP-1.1]	335847	335183	341123	323832	314288	315529	280138	293472	333708	326641	325346	306053	315903	323508	324427	329340	347082	327225	310922	314848
"Glutamine,_N-acetyl-,_DL-_(3TMS)_655207.31_PRED"	14895	15564	17681	15325	18087	22541	18719	19122	16447	18276	18089	17412	14860	16581	24446	17943	15833	18391	25619	19165
Glutamine_(4TMS)_494755.44_PRED	260	702	915	344	699	847	351	408	435	603	251	537	515	229	270	133	NaN	543	3035	254
"Glutaric_acid,_2-hydroxy-_(3TMS)_488906.25_TRUE"	8007	9526	10377	8485	12957	14830	12860	11933	9192	10249	8948	10343	8378	9126	15268	10124	9399	10010	13762	11418
"Glutaric_acid,_2-oxo-_(1MEOX)_(2TMS)_BP_486148.94_PRED"	376	533	569	470	592	431	617	422	391	635	517	557	494	522	622	578	437	495	259	544
Glyceraldehyde-3-phosphate_(1MEOX)_(3TMS)_BP_571519.81_TRUE	27115	28947	25034	22490	22026	40296	30656	38120	38059	36886	30250	37332	39961	29510	35215	28547	33652	28726	51073	42851
Glyceric_acid-3-phosphate_(4TMS)_606948.88_PRED	504	549	581	271	894	1026	948	803	481	696	534	340	393	317	509	380	175	422	187	1139
Glycerol ((3TMS)) [MP-1.1]	9187	9773	9986	8643	10854	11313	9892	10425	9163	22217	9304	9777	8613	10755	18312	11479	13484	14183	18749	13687
Glycerol 3-P (|Glycerol 1-P) [MP-1.1]	33898	29979	27485	31395	26868	38834	38589	40611	41651	43234	39446	41084	44301	44186	45514	41315	48132	32950	79320	46447
Glycerol-2-phosphate_(4TMS)_556161.06_TRUE	319	459	400	331	449	753	475	428	322	347	402	351	1759	307	525	294	244	415	909	389
Glycerophosphoglycerol_(5TMS)_761775.38_PRED	556	167	326	552	224	144	770	878	83	300	501	336	758	789	837	714	118	123	2350	849
Glycine (2TMS) [MP-2.1]	4824	25483	12852	7906	28993	45924	7918	5286	31108	24923	10378	21421	12142	6463	28258	6429	64331	36058	5975	8502
"Glycine,_N-acetyl-_(1TMS)_334790.31_PRED"	11709	14018	14443	13789	14873	15726	15597	15020	13111	16841	14160	15887	13689	16427	19135	15950	14908	15240	26687	14609
"Glycine,_N-cinNaNmoyl-,_trans-_(1TMS)_772530.69_PRED"	2850	2667	3640	2656	3286	3793	2936	2614	1849	2137	2989	2826	2236	2256	3300	2155	2135	3094	2573	2891
Glycylglycine_(3TMS)_628479.25_TRUE	7517	6817	7996	8117	6839	8862	8886	8012	7592	7682	8110	7610	8100	9588	8712	9353	8522	7269	8369	8018
Guanosine-5-monophosphate_(6TMS)_1065235.12_TRUE	2369	2035	2208	2582	2824	2477	2812	2673	2186	2781	2284	2452	2937	3338	3899	3060	3519	2399	3938	2596
Gulose_(1MEOX)_(5TMS)_MP_584150.19_TRUE	631	538	759	519	914	1016	854	964	625	876	793	712	624	752	1021	731	688	781	1186	860
"Heptacosanoic_acid,_n-_(1TMS)_1053682.38_PRED"	2749	2504	2557	2891	2996	3119	3866	3601	2435	3357	3393	3237	5000	4447	5329	4564	3935	3094	4849	3397
"Heptanoic_acid,_n-_(1TMS)_255612.95_PRED"	73857	22970	27925	14787	32960	23949	24576	26075	19241	24477	20213	20849	19976	67205	27763	25154	36642	16340	2206	19431
"Hexacosane,_n-_908082.69_PRED"	775	835	956	824	989	1227	839	1034	868	1451	920	859	829	1002	1254	1073	1131	1287	1336	1176
"Hexadecane,_n-_486353.06_PRED"	16850	21091	26628	22560	21948	21572	25488	23094	17007	28893	23943	26898	21309	23187	27036	26735	18309	22402	3647	22614
Hexadecanoate (1TMS) [MP-1.1]	16849	14553	19871	13901	21627	26896	19469	19982	13217	14059	21372	15293	16976	14738	21145	15527	13932	18534	22490	16227
"Hexadecenoic_acid_methyl_ester,_9-(Z)-,_n-_652277.12_PRED"	4218	4402	5090	4728	5070	5958	5490	5436	4766	5667	5296	5262	4410	4976	7110	5293	4781	5227	7613	5728
"Hexanedioic_acid,_hydroxy-_(3TMS)_535302_TRUE"	9513	16971	19335	10974	18407	25053	13580	16295	13384	17889	11100	16766	11875	9928	16565	9235	8932	19512	5882	12575
"Hexanoic_acid,_2-ethyl-_(1TMS)_254181.88_PRED"	208953	46704	56698	29828	67386	47193	51015	52930	37967	49957	40357	42329	40631	173457	56235	50663	74455	31547	4200	37733
Histamine_(3TMS)_653726.19_TRUE	1076	1167	1433	1239	1313	1896	1689	1631	1249	1455	1373	1362	1171	1336	2024	1446	1109	1491	1975	1650
Histidine (3TMS) [MP-1.1]	2954	4827	4571	4066	4870	4519	3726	5203	4001	4673	2633	5259	5502	3066	4340	2692	4330	4788	2958	3945
Histidine (4TMS) [MP-3.1]	1750	445	807	1439	572	366	2202	2302	163	847	1410	997	1821	2387	2317	2251	354	346	7557	2383
Homocysteine_(2TMS)_506276.72_PRED	8766	9996	11302	11309	11538	12434	12129	11903	11414	14468	11157	12439	11454	12875	14654	12306	12372	13370	14036	11737
Homoserine_(2TMS)_380616.94_PRED	11491	7302	10375	3786	14975	14049	11127	22609	10225	43302	15708	18266	6465	8688	25177	14458	14940	53789	147	20261
Homoserine_(4TMS)_510930.09_TRUE	46098	50627	55294	56905	57436	63824	60303	58171	62501	78156	57124	63310	62520	68966	74308	64139	69595	70723	71581	58806
Homoserine_lactone_(2TMS)_458933.88_PRED	9125	13916	14652	14597	18613	16644	17289	17937	17127	19914	14316	19557	17246	18602	28015	17006	21627	18354	28799	16441
Hypotaurine_(3TMS)_509415.53_TRUE	124606	135515	145704	146974	152368	169583	159556	151221	151840	189966	138142	161250	153376	175434	192147	162822	163795	174506	161019	153174
Hypoxanthine_(2TMS)_659841.12_TRUE	1387	2688	2140	1825	2706	2411	1430	1871	2090	2816	1834	2261	1730	1957	2888	2418	2797	3204	3360	2248
Indole-3-acetaldehyde_(1MEOX)_(1TMS)_BP_657093_PRED	1651	1882	2021	2079	2163	2283	2148	2175	2090	2367	2382	2251	1985	2211	3161	2200	2057	2258	3329	2326
"Indole-3-acetic_acid,_1H-_(1TMS)_668169.31_PRED"	1009	1292	1296	1057	1737	2031	1691	1345	1069	1354	1330	1073	928	994	1843	1068	973	1318	1608	1342
"Indole-3-butanoic_acid,_1H-_(1TMS)_755498.5_PRED"	1384	1433	1499	1399	1648	1552	1580	1745	1453	1683	1603	1694	1639	1714	2554	1887	1856	1591	837	1961
Inosine_(4TMS)_904803.88_TRUE	7290	8227	8054	7574	8908	10054	7490	9136	8746	12641	8152	8249	8491	9392	11833	9880	10945	12619	13280	10642
"Inositol-2-phosphate,_myo-_(7TMS)_863697.56_PRED"	1044	1054	979	1018	1110	1389	1262	1366	995	908	1091	969	925	1245	1817	1026	1161	1081	625	1238
Isocitric_acid_(4TMS)_597989.19_TRUE	21581	21964	22976	21221	21816	22994	19100	19436	21682	21568	20941	20537	20094	20422	22073	20907	21791	21281	21136	20938
Isoleucine (2TMS) [MP-1.1]	1601	824	1704	1347	1297	618	2133	2137	685	1901	1717	1652	1847	1691	2280	1979	595	852	2162	1984
Isoleucine_(2TMS)_318827.91_TRUE	1148	889	1074	1004	1091	1533	1196	1366	1121	1367	1031	1205	1183	1339	1661	1219	1735	1323	1974	1445
"Isovaleric_acid,_2-oxo-_(1MEOX)_(1TMS)_BP_269296.62_PRED"	10716	5654	6284	4400	6766	6685	6828	6881	4737	6272	5970	6123	5766	9432	9169	6136	6762	5141	5880	6317
Leucine (2TMS) [MP-1.1]	2065	2109	2097	2042	2729	3043	2187	2812	2357	3092	2321	2533	2661	2539	3541	2422	3649	2756	4627	3147
"Leucine,_cyclo-_(2TMS)_377176.62_TRUE"	373	300	495	122	534	514	351	862	365	1364	446	632	252	315	805	514	472	1663	94	722
"Levulinic_acid,_5-amino-_(1MEOX)_(3TMS)_MP_574704.06_TRUE"	5427	4147	3929	6302	4745	4102	6708	5634	5822	6916	7194	5791	6327	8658	8813	8152	9540	5125	15821	6641
Lysine (3TMS) [MP-1.1]	6551	4107	5861	6138	5390	3165	7637	8519	5532	6525	6421	7848	7628	8666	10369	9289	3910	3887	11492	11552
Lysine_(3TMS)_631402.94_PRED	1104	1106	1025	1219	1040	1168	1428	1134	1160	1075	1337	1037	1060	1437	1326	1303	1219	1070	2279	1121
Lyxonic_acid_(5TMS)_539863.25_TRUE	2011	3692	4099	2567	4114	5729	3092	3742	2962	3931	2443	3561	2520	2230	3651	1953	2015	4177	1332	2780
Lyxose_(1MEOX)_(4TMS)_BP_488187.75_TRUE	1966	2688	2973	2520	2671	2600	3246	2731	1844	3440	2826	3441	2548	2771	3256	3042	2069	2642	549	2683
Malate (3TMS) [MP-1.1]	5467	7401	6203	6722	7106	8713	7288	7340	7860	9344	5524	6721	6074	8408	10267	8589	9653	9010	8822	9119
"Maleamic_acid,_N-ethyl-_(2TMS)_459686.66_TRUE"	744	1164	1073	1181	1516	1392	1360	1481	1442	1684	1197	1698	1363	1505	2322	1472	1705	1436	2188	1327
Malic_acid_(3TMS)_442513.44_TRUE	2008	2727	2106	2431	2637	2897	2653	2796	2697	3473	1969	2592	2266	3107	3845	3070	3776	3433	3504	3427
Malonic_acid_(2TMS)_300994.53_PRED	1721	2814	1692	3365	3609	4170	3144	2756	2637	4053	1715	2119	1797	2914	2737	2098	3651	3831	1762	3234
"Mannopyranoside,_1-O-methyl-,_alpha-_(4TMS)_559825.75_TRUE"	1826	1703	1774	1744	2113	1838	2650	3023	1851	2883	2693	2303	3464	2520	3277	3177	1823	2509	2641	2416
Mannose-1-phosphate_(6TMS)_785522.56_PRED	519	541	577	401	747	729	497	767	542	818	618	772	571	561	1015	661	461	974	1212	672
Melibiose_(1MEOX)_(8TMS)_MP_914184.5_PRED	250	392	213	594	500	443	773	680	469	580	777	555	475	938	1138	1246	637	666	265	756
Methionine (2TMS) [MP-1.1]	1708	1868	1785	1732	2032	2908	2283	2529	2863	2164	1984	2535	2159	2276	2436	2621	1959	2346	3572	2291
"Mevalonic_acid-1,5-lactone_(1TMS)_454636.47_TRUE"	8879	13223	13971	13848	17896	16104	15826	16985	15580	19428	13522	18306	16180	17338	26716	16188	20566	17904	26868	15285
myo-Inositol-1-phosphate_(7TMS)_788938.62_PRED	758	832	771	564	1058	1118	706	1112	702	1215	864	1090	792	730	1512	929	618	1367	1744	837
NicotiaNaNmine_(4TMS)_902113.62_PRED	1513	1817	1691	1639	1950	2132	1534	2162	1868	2640	1962	1860	1759	1989	2490	2112	2220	2610	2817	2252
NicotiNaNmide (1TMS) [MP-1.1]	5185	6320	5694	6653	7430	6944	5938	5629	5617	6604	6025	6642	6431	8994	10821	8086	10933	7779	17099	6062
NicotiNaNmide (2TMS) [MP-2.1]	926	2604	2400	1088	2811	3571	1248	1409	1249	2322	994	2038	990	1238	2167	1385	1436	3206	349	1155
"NoNaNn-1-ol,_n-_(1TMS)_336924.19_PRED"	55391	67871	69409	65899	72644	77149	73167	72885	62823	79539	67981	74798	63961	79189	91717	75289	70765	73305	127796	69714
NoNaNnoate ((1TMS)) [MP-1.1]	578	1169	741	395	1174	1922	2024	1187	478	1200	740	757	561	524	1678	572	836	NaN	1729	953
Norleucine_(2TMS)_337195.69_TRUE	244827	291222	291292	278129	305297	326057	309667	312955	283347	345139	289131	331906	290714	353141	394878	331301	340932	320664	584458	295494
"Octadecadienoic_acid,_9,12-(Z,Z)-_(1TMS)_775215.19_PRED"	20278	17836	25113	17882	22709	25396	20529	18945	12736	15412	22506	18728	16314	16188	21889	15572	14273	22799	19409	19403
"Octadecan-1-ol,_n-_(1TMS)_754094.19_PRED"	1268	1238	1293	1161	1420	1252	1304	1471	1189	1447	1282	1362	1294	1296	2071	1449	1646	1225	691	1475
Ornithine (4TMS) [MP-1.1]	603	407	556	499	572	549	881	790	434	625	438	609	524	866	884	613	389	431	1437	766
Ornithine_(3TMS)_(Derivate_not_found)_492548.84_PRED	4975	6100	8115	6539	6546	6260	7726	6884	4951	8514	6966	7947	6664	6918	8090	7975	6023	7035	995	6621
Ornithine_(3TMS)_587245.62_PRED	4568	1794	2902	3693	2056	1392	4790	6476	1221	3127	4134	3100	4875	5549	7022	5450	1673	1544	15270	6159
Ornithine_(4TMS)_572079.81_PRED	18188	13416	13273	19954	15822	14427	21512	18591	19355	21221	23102	18988	20293	27966	28498	26236	32428	17249	53074	21759
"Orotic_acid,_4,5-dihydro-_(3TMS)_616339.19_TRUE"	747	814	1156	915	1032	1029	1343	1060	606	1215	953	1329	1159	972	1267	1065	700	850	247	1249
Orthophosphate	780794	898527	865840	855160	898332	941757	895865	919729	951408	1081441	894592	1054518	949727	1152628	1198893	1043000	1266365	1027912	1989612	881742
Oxalic_acid_(2TMS)_236929.91_PRED	40216	62747	53476	30902	62568	112763	29766	35905	33140	99877	33875	55111	22867	34469	35338	44216	43631	99572	37627	31209
"Pantothenic_acid,_D-_(3TMS)_680979.56_PRED"	671	743	708	713	750	903	730	595	623	781	731	715	650	763	749	717	818	774	1250	493
"Pentadecan-1-ol,_n-_(1TMS)_636157.25_PRED"	3875	3684	3610	4041	3548	4657	4382	4180	3934	3988	4362	3723	4008	4721	4594	4591	4064	3768	8132	3880
"Pentadecane,_n-_462471.41_PRED"	2335	3451	3774	3597	4599	4175	4121	4463	4045	5165	3690	4769	4225	4466	6641	4230	4938	4410	6711	4188
"Pentadecanoic_acid_methyl_ester,_n-_620606.38_PRED"	4506	3936	4467	4575	4066	4859	5363	4497	4493	4459	4936	4414	4607	5609	5187	5367	4769	4205	4713	4653
Phenethylamine_(2TMS)_490740.62_TRUE	109703	133647	168627	142038	139453	135125	161848	149315	108026	183910	148445	171236	140483	147067	171564	168648	123987	144128	21091	144484
Phenylalanine (2TMS) [MP-1.1]	2179	2654	2600	2538	3114	3211	2768	2812	2752	2783	1936	3056	3596	2916	3372	2875	2845	2554	3801	2514
Phenylalanine_(1TMS)_492082.22_PRED	11243	13995	17552	14717	14459	13176	17004	15362	11148	19441	15483	17953	14402	14975	17491	17633	12725	15090	1935	14916
Phenylpyruvic_acid_(2TMS)_575884_TRUE	6465	4863	5145	6924	5294	4857	7546	6722	7479	7626	8269	7209	7453	9698	9958	9257	10956	6168	18630	7927
"Pimelic_acid,_2,6-diamino-_(4TMS)_654293.81_TRUE"	1040	1117	1153	1245	1193	1474	1320	1452	1303	1495	1326	1367	1183	1449	1943	1455	1334	1453	2076	1529
Pipecolate [MP-1.1]	477	441	548	409	621	649	511	633	422	601	542	489	453	429	661	476	554	544	501	582
Proline [MP-1.1]	5340	5872	6279	5343	6356	8049	6467	7381	6530	6550	5648	6820	6384	6906	7773	7264	7765	6113	9243	7857
"Proline, trans-4-Hydroxy- (3TMS) [MP-1.1]"	496	516	561	474	733	812	730	1043	786	782	708	840	863	697	911	689	796	798	658	890
"Proline,_4-hydroxy-,_trans-_(3TMS)_450628.06_PRED"	7244	4364	7460	9131	5487	2736	9541	9747	5293	8791	7969	8693	9762	11913	14843	13526	3972	3971	19140	11213
Proline_(2TMS)_340374.03_PRED	19245	11839	14465	17931	13758	14219	16586	18750	18075	20386	19105	13815	14494	17961	20904	20534	26996	13893	32645	20175
Proline_[+CO2]_(2TMS)_534232.75_TRUE	8461	14966	16256	9642	15876	21472	11703	14290	11858	15328	9673	14239	10579	8890	14388	8865	8278	16441	4758	11083
Psicose_(1MEOX)_(5TMS)_BP_573563.38_TRUE	5395	4197	4183	5890	4931	4434	6574	5725	5970	6388	6878	5957	6325	8397	8169	7856	9456	5336	15356	6874
Putrescine_(4TMS)_519185.38_PRED	325	1479	515	364	1911	5135	382	266	1953	903	457	NaN	146	381	549	448	3528	3639	56	378
"Pyridine, 2-Hydroxy- (1TMS) [MP-1.1]"	11428	9995	8874	10104	8107	12453	11675	11458	9340	9416	11372	7404	8571	10538	12372	10505	9898	7531	NaN	11511
"Pyridine,_3-hydroxy-_(1TMS)_283546.44_PRED"	669	400	372	638	427	457	971	769	428	404	829	345	659	692	914	723	579	313	1336	911
Pyroglutamate (2TMS) [MP-1.1]	218703	238542	255013	265668	268473	304639	277617	258792	288991	354284	260222	293720	303097	323309	344976	295143	341052	329832	NaN	271754
Pyrophosphate [MP-1.1]	2014	1247	1579	1811	1638	1840	2768	3856	1863	3608	3108	2797	2443	3047	2680	4295	1614	2946	719	2923
Pyruvate (1MEOX;1TMS) [MP-1.1]	1342	1228	1688	2062	1385	2163	1721	2356	2620	2395	1959	2779	1653	1759	2693	1642	2566	1705	2105	1817
Rhamnose (1MEOX;4TMS) [MP-1.1]	551	532	1727	1605	616	391	1800	1923	1522	1948	1785	1766	1580	2201	2280	2109	1732	1606	293	1720
Rhamnose_(1MEOX)_(4TMS)_MP_517543.41_PRED	443	1316	1793	1556	1757	3387	1826	1658	2793	2347	1860	2044	1386	2055	1970	1900	3956	3815	78	1731
"Ribonic_acid-1,4-lactone_(3TMS)_550463.56_TRUE"	15063	14319	12397	13315	17689	12955	18858	23629	16372	21813	20003	17823	14062	18508	25394	22029	19852	18682	21197	15708
Ribose_(1MEOX)_(4TMS)_MP_503578.66_TRUE	23598	26219	28943	28089	29702	33869	31837	30310	28508	37333	28507	30683	28582	32796	37660	30527	29403	34368	34997	30434
Serine (2TMS)	672	248	292	644	322	170	722	878	504	364	672	334	684	945	1106	901	598	282	730	996
Serine (3TMS) [MP-1.1]	15183	15564	16908	14911	17722	19843	17628	18256	17757	18810	16363	18036	18330	20848	20440	18581	19272	18808	27967	18437
Serine (4TMS)	1111	1725	1881	1813	2348	2026	2056	2210	1975	2533	1755	2412	2040	2244	3512	2120	2571	2215	3644	1956
"Serine,_N-acetyl-_(2TMS)_491357.06_PRED"	29933	36457	46343	38865	38096	36734	44157	40173	30621	51268	41252	48051	38999	41667	47765	47308	36366	40108	4328	39450
"Serine,_O-acetyl-_(2TMS)_410213.62_TRUE"	2927	87	88	2602	102	158	4216	1991	732	73	2694	95	2299	2464	3514	2934	799	79	4748	3550
Serine_(2TMS)_328955.09_PRED	9089	10655	10458	10591	11576	12450	11391	11516	10123	12976	10906	11759	10396	12830	14325	12316	12050	11812	20931	10778
Siloxane_596806.25_PRED	1537	1605	1592	1601	1736	1760	1356	1550	1658	1552	1594	1555	1512	1540	1619	1705	1574	1624	1718	1580
Siloxane_739483_PRED	655	740	582	578	1103	1364	1054	580	324	486	714	615	551	507	1100	690	473	630	1216	871
similar_to_Asparagine_Derivate_505075.09_PRED	22189	24148	25701	26440	27419	30557	28096	26598	29133	35660	26228	30063	29863	32848	35759	29457	33977	33053	31210	27377
similar_to_Diethanolamine_(2TMS)_335362.44_PRED	820	1028	1009	936	1023	1187	1018	1107	940	1203	1050	1102	1041	1193	1392	1221	1266	1107	1984	887
"Sorbitol, U13C-"	22254	19331	21340	17585	30749	27844	32630	33128	21307	27214	26424	22976	21786	24304	35926	26675	23049	26333	38211	30131
Spermidine (4TMS) [MP-6.1]	594	556	362	560	591	726	693	656	1168	854	661	319	1194	663	683	705	637	629	925	729
Spermidine (5TMS) [MP-1.1]	416	324	619	685	286	224	672	831	386	614	575	511	625	433	1041	536	199	139	504	705
SucciNaNte (2TMS) [MP-1.1]	4939	4432	5463	5398	4400	5907	6585	6492	6247	6604	5011	6350	6173	6453	7849	6730	5568	4362	9974	8248
Succinic_acid_(2TMS)_365265.25_TRUE	44616	39024	48250	46430	38691	55409	58608	56384	57122	59619	44903	56258	55633	57658	68601	57853	51369	37590	89208	72779
Tartaric_acid_(4TMS)_511834.44_TRUE	23967	26064	30278	29834	30499	32224	33283	30317	31460	39417	30501	33031	31608	36089	40196	33530	33634	35555	34264	31218
Tetradecanoic_acid_methyl_ester_(FAME_MIX)_489255.38_PRED	94335	116273	142901	121339	121524	117193	138999	125304	96568	153807	128687	146788	120294	126238	148232	144241	109254	123904	14343	123604
Threonine (3TMS) [MP-1.1]	7295	7750	8787	7859	8883	9270	7721	8755	7770	9332	8027	8400	8809	9967	9384	8972	9233	8475	13861	8836
"Threonine,_O-methyl-,_L-_(2TMS)_334293.72_PRED"	479	487	570	538	536	540	526	531	574	663	591	559	542	726	723	699	692	680	1055	550
"Tridecan-1-ol,_n-_(1TMS)_547762.06_PRED"	7946	7735	6653	7278	9582	6748	10321	12901	9074	12368	10929	9917	7888	10231	14119	11563	10650	9987	11746	8589
"Tridecane,_n-_342778.75_PRED"	49325	32228	38725	47092	35620	39905	44583	50931	48310	52588	48392	36937	36303	45463	54795	52760	69471	36004	85370	53159
Triethanolamine_(3TMS)_493189.91_PRED	13567	16687	21164	17871	17131	16125	20622	18331	14053	23844	18525	21807	18207	19370	21808	21626	15820	18336	2027	18102
Tropine_(1TMS)_336960.03_PRED	14960	18018	18812	17419	19023	19996	18967	19463	18027	22057	18619	20921	18411	21826	24931	20836	19368	19939	36022	18279
Tropinone_(1MEOX)_343648.91_PRED	16971	11176	13134	16240	12170	13104	14721	17411	16110	18587	16678	12655	12539	16205	18683	19009	25600	12132	27761	17253
Tryptophan (3TMS) [MP-1.1]	924	1450	1183	1434	1793	1373	1780	2035	1321	1610	946	2185	1866	1555	2004	1580	2221	1816	1099	1459
Tyrosine (3TMS) [MP-1.1]	3741	3569	3786	3796	4780	4874	5112	5524	5195	4142	4132	5498	5964	5274	5124	5531	4119	4191	6154	4911
Tyrosine_(3TMS)_659029.31_TRUE	134308	136617	152192	146299	158243	187774	166024	168040	157978	168218	168666	169824	144744	162036	230805	168681	158344	171844	245569	179848
Uracil (2TMS) [MP-1.1]	265	640	823	395	887	1033	437	465	478	790	331	672	496	312	791	491	443	625	736	526
Urea (2TMS) [MP-1.1]	87836	57788	69246	85075	64446	70003	79044	89574	88815	95632	87977	66111	65469	81871	97188	95719	117393	65320	158143	96701
Uridine_(4TMS)_863220.75_TRUE	755	1117	1077	844	813	1187	756	825	620	1171	610	921	483	853	890	660	1056	967	1100	993
Uridine_5'-monophosphate_(5TMS)_995880.69_TRUE	2190	1832	1679	1412	1414	2107	1080	1932	900	1712	1142	2531	1885	1302	2189	803	2576	1320	1713	1368
"Valeric_acid,_3-hydroxy-3-methyl-_(1TMS)_235895.11_PRED"	4221	6510	5615	3139	6446	11185	2986	3798	3106	10370	3478	5622	2371	3540	3614	4442	4319	10116	3798	3338
Viburnitol_(5TMS)_635711.5_PRED	3590	3146	3942	3907	3755	2972	4715	4542	3554	5428	3786	5106	4349	5069	6424	4413	4008	4133	6056	4630
Xylitol (5TMS) [MP-1.1]	999	1700	1376	1428	1726	2444	1266	1488	1486	2204	1474	1064	1053	1453	2015	1429	1665	1919	2896	1754
Xylose (1MEOX;4TMS) [MP-1.1]	1013	1138	1131	1057	1083	1571	1076	1233	1056	1590	1216	1227	928	1298	1583	1400	1146	1300	2191	983
Xylose (1MEOX;4TMS) [MP-1.2]	839	389	414	960	499	597	963	667	674	901	906	669	664	1526	1288	1391	1227	555	958	899
