putative Compound	hum_101_3 _hea	hum_102_3 _hea	hum_103_3 _hea	hum_104_3 _hea	hum_105_3 _hea	hum_105_3 _hea	hum_106_3 _hea	hum_120_3 _hea	hum_121_3 _hea	hum_141_3 _hea	hum_153_3 _hea	hum_98_3 _hea	Wt_132_3 _hea	Wt_133_3 _hea	Wt_134_3 _hea	Wt_135_3 _hea	Wt_142_3 _hea	Wt_147_3 _hea	Wt_148_3 _hea	Wt_152_3 _hea	Wt_91_3 _hea	Wt_wt3_3 _hea
(std.i) U13C-Sorbitol	3094	3094	3094	3094	3094	3094	3094	3094	3094	3094	3094	3094	3094	3094	3094	3094	3094	3094	3094	3094	3094	3094
2-Piperidinecarboxylic_acid_(1MEOX)_(2TMS)_549118.94_TRUE	4575	4546	4051	4853	5810	180	5638	5284	7386	4965	5227	8761	7695	5863	7601	4930	2806	4496	3817	6005	8744	3893
2-Piperidinecarboxylic_acid_(2TMS)_375026.84_TRUE	4514	8888	5935	6162	13223	880	8631	11181	13458	8952	10282	11292	13440	8331	11154	10312	8685	10434	10357	11392	14092	5897
"Aconitic_acid,_trans-_(3TMS)_600462.25_PRED"	7451	7132	7459	7559	8397	3262	8337	7310	8123	6128	8538	5918	7690	5203	8931	7232	4583	7094	6955	7309	6783	6392
Adenine (2TMS) [MP-1.1]	1610	1325	1162	1316	1739	607	1964	2357	2027	1660	2651	3619	3165	1820	2382	1536	1201	1752	1366	2150	3162	1747
Adenine_(1TMS)_586048_PRED	13778	13711	14474	15095	27344	1618	16384	39344	30114	22325	18659	33718	35558	25735	28813	16813	17392	18305	16936	26647	29637	16133
Adenosine 5-P (|ADP|ATP) (5TMS) [MP-1.1]	65337	45225	47688	58982	75336	7698	78099	81362	116818	58819	78569	102202	109727	65635	179268	76727	35675	48279	94930	81511	139485	50313
"Adipic_acid,_2-amino-_(3TMS)_553368.06_TRUE"	3871	3536	3613	4136	5713	176	4660	5762	6540	5150	4393	7618	8062	5499	6614	4183	2921	4031	3542	5441	6994	3306
"Adipo-2,6-lactam_(2TMS)_492238.44_PRED"	882	881	573	894	808	8	1053	1218	1263	611	1020	357	1478	765	1584	895	354	796	851	974	241	847
Agmatine_[-NH3]_(3TMS)_578698.75_PRED	2133	2231	2093	1926	2647	467	3230	2811	3964	2009	3435	4686	3665	2219	4616	2778	1419	2712	2731	2841	5021	2136
Alanine (2TMS) [MP-1.1]	133670	92792	106282	100611	154916	16512	140512	196008	240872	151265	203663	188639	226337	190634	227271	179710	101033	139763	153380	190185	214788	191386
"Alanine, beta- (2TMS) [MP-2.1]"	2489	1813	1623	1634	3473	347	2351	3067	4301	3611	2927	3560	4337	3335	4042	2292	1822	2429	2054	2766	3400	1813
Alanine_(3TMS)_355868.03_PRED	7485	5758	4732	4588	6917	1046	9182	8071	11382	7819	4848	14142	9746	5880	10027	5471	4631	5170	5450	6149	15486	7795
Allantoate	1085	679	874	867	1145	335	1112	1136	908	828	1115	611	1240	1133	954	935	987	874	544	662	235	870
Allose_(1MEOX)_(5TMS)_BP_588062.44_PRED	34311	53116	51025	30543	39788	118208	20625	58090	49178	107317	25369	85144	63837	107558	40192	60097	127283	65852	87412	74586	78999	79299
Allose_(1MEOX)_(5TMS)_MP_577900.56_PRED	462	198	252	235	230	238	342	935	898	404	766	1325	1475	1850	658	272	1096	538	1378	1199	1003	516
Arabinonic_acid_(5TMS)_546660.38_TRUE	1381	1202	921	1064	1092	34	1487	1084	1803	1057	1209	1744	1569	1035	1925	1326	503	985	878	1279	1987	957
Arabitol_(5TMS)_503104.56_PRED	1616	2034	1387	1501	2152	97	2373	1925	3079	1782	2863	1656	2945	2136	3792	2196	1223	2113	2368	2515	2388	1938
Arginine [MP-1.1]	216997	233767	160421	218105	227853	197	287044	309459	354351	163646	279097	44019	394421	206697	399758	267905	88497	189749	224921	287657	38639	215494
Arginine_[-NH3]_(3TMS)_606298.12_TRUE	968	989	758	953	935	NaN	1398	999	992	1184	1422	824	1334	594	1502	946	699	692	NaN	1153	833	976
"Ascorbate, 1-Dehydro- (dimer;2MEOX) [MP-1.1]"	406	2665	1435	2193	2963	870	2264	3046	4745	1166	1758	280	4402	1693	4528	3062	919	1677	1829	2850	170	1892
Asparagine (3TMS) [MP-1.1]	482207	448439	456110	545718	900776	26771	603920	826031	815644	709849	523218	859089	1135578	797254	853996	510592	417479	547662	423300	714432	763273	420595
Asparagine (4TMS) [NN-5.1]	5080	4792	4161	4859	16837	147	7452	6722	4285	4329	7981	19722	5692	4392	4297	5389	2650	8678	3172	3464	13542	5480
Asparagine (-H2O;2TMS) [NN-3.1]	1985	4142	1787	4762	2244	52	NaN	3582	8267	2172	5645	8032	8624	4814	5993	NaN	891	4048	4617	NaN	8512	4485
Asparagine_(3TMS)_550488.31_TRUE	270153	257229	230377	252838	310921	8279	337509	260786	430793	257361	278624	404516	384656	285303	449257	305130	136040	230775	223206	327071	425171	215070
Aspartate (3TMS) [MP-1.1]	23300	21549	22877	22890	48241	1817	29871	72627	77734	53920	39420	41916	49558	94255	34722	54235	35122	36507	28270	42696	42586	50525
Aspartic_acid_(2TMS)_458076.97_TRUE	6837	6324	6458	5900	12114	538	8519	18813	18701	14385	10960	11027	12958	25290	9497	13815	9819	9972	7461	10532	11581	13169
Aspartic_acid_(3TMS)_458039.69_TRUE	22163	21297	22170	22796	47737	1748	29545	71570	75105	53501	38861	40577	49963	94774	34581	54692	33817	36140	26972	42146	41512	50600
Aspartic_acid_(4TMS)_550990.62_TRUE	112003	104440	100667	111780	146539	4154	141242	126399	186445	121141	120065	181209	182505	133374	192227	124294	64340	104033	96138	145314	179460	91744
Benzoate (1TMS) [MP-1.1]	733	579	654	693	1478	122	867	2123	1128	1284	569	2381	1661	1291	1365	680	626	824	809	1335	2132	645
"Benzoic_acid,_4-amino-_(2TMS)_650574.94_TRUE"	1386	1989	1374	1556	1815	251	2450	2354	3206	2205	2251	3291	2807	4665	4062	2250	2408	1616	1910	2975	2953	2290
"Butane,_1,2,4-trihydroxy-_(3TMS)_345095_TRUE"	115357	66889	87450	76887	101571	11409	126851	123292	137936	110352	115633	213774	108221	111233	127564	72699	124956	75949	109595	117220	233082	68336
"Butanoate, 4-Amino- (2TMS) [MP-2.1]"	51615	31454	39672	36890	50539	5466	60485	58060	64023	51802	54110	99034	52129	52200	59497	34370	57005	36085	49534	55890	109426	32271
"Butanoate, 4-Amino- (3TMS) [MP-1.1]"	590	601	455	534	369	130	422	795	462	442	1324	1895	1018	746	1641	299	574	549	859	1930	2877	525
"Butanoic_acid,_2-amino-_(2TMS)_249223.84_TRUE"	898	650	550	695	1268	149	1089	1371	788	779	1185	850	889	653	1212	944	700	1005	865	1022	1201	560
"Butanoic_acid,_2-oxo-_(1MEOX)_(1TMS)_MP_252911.77_PRED"	123865	70327	49820	99710	309656	14813	107834	240316	401209	319824	178292	33028	284806	215287	320373	118980	99958	128829	86158	183593	19393	90778
"Butanoic_acid,_3-hydroxy-_(2TMS)_249401.72_PRED"	3000	2286	2014	2490	6301	761	4267	6238	2969	2969	4759	5035	4355	2026	6363	4351	2037	4486	4513	4663	4984	1407
"Butanoic_acid,_4-amino-_(2TMS)_342578.41_TRUE"	11753	7167	8421	8025	10285	1239	13002	12752	13337	11245	12091	22161	12200	11096	13040	7671	12087	8034	11027	11914	23593	7317
"Butyrate, 2-Amino- [MP-1.1]"	898	650	550	695	1268	149	1089	1371	788	779	1185	850	889	515	1212	944	700	1005	865	1022	1201	560
"Butyric_acid,_2,4-diamino-,_DL-_(3TMS)_438050.91_PRED"	774	1285	816	986	1881	118	683	1602	1738	1112	1035	1624	1883	1344	1365	1229	956	1342	1437	1728	1854	838
"Butyric_acid,_3-amino-,_DL-_(2TMS)_281258.31_PRED"	13608	12454	14250	17806	30033	5189	19413	85255	39781	49711	2074	2421	78163	52316	56771	13843	38292	1346	22980	51184	54755	1670
"Butyro-1,4-lactam_(1TMS)_241244.02_PRED"	12424	9616	4574	6544	4357	80	13834	10322	8012	10481	16647	1146	8347	4378	9160	7557	4512	11046	6684	4701	872	7968
Caffeine_754467.62_TRUE	1206	1079	858	971	1619	390	1659	1611	2072	1130	1344	890	2022	1486	1982	1276	699	1026	1157	1624	934	863
Calystegine_A3_(1MEOX)_(3TMS)_BP_588253.69_PRED	2019	2998	2955	1769	2494	6813	1278	3384	2781	6320	1465	5114	3667	6108	2493	3422	7028	3715	4927	4389	4568	4536
Calystegine_A3_(1MEOX)_(3TMS)_MP_554707.88_PRED	1157	1013	963	1205	1395	45	1483	1374	1841	1300	1324	1819	2004	1454	1778	1129	705	1082	865	1496	1844	1069
Calystegine_B4_(1MEOX)_(3TMS)_598843.25_PRED	4710	6178	5891	4537	5459	13495	4494	7377	6871	10181	5028	9530	7463	10716	6152	7449	10826	7152	8821	8654	8705	7872
"Caproic_acid,_6-amino-_(3TMS)_546902.25_TRUE"	531619	504804	469020	518122	670144	17670	671127	551329	889588	547049	565753	837137	805498	607052	919000	608003	288213	481332	453985	674767	851647	434663
Cellobiitol_(9TMS)_870156.12_PRED	331	293	307	221	493	2913	387	835	300	262	580	583	327	546	570	317	515	719	879	1613	1315	1487
"Cholesterol, D6-"	5448	4498	4756	5912	10797	868	6761	14476	9667	8134	6022	9164	12514	8860	NaN	5624	5963	6186	NaN	8280	9181	4809
"CinNaNmic_acid,_3-hydroxy-,_cis-_(2TMS)_599148.38_TRUE"	11227	10548	11216	11929	12510	1519	13062	9445	11481	7546	14277	7326	10656	6156	12844	10041	5169	9330	8786	9357	8277	8834
"CinNaNmic_acid,_3-hydroxy-,_trans-_(2TMS)_653564.75_TRUE"	1269	1745	1140	1333	1729	201	2045	2053	2754	1719	2003	2574	2362	3916	3302	2025	2011	1399	1706	2608	2703	1938
"CinNaNmic_acid,_3-methoxy-,_cis-_(1TMS)_587950.5_TRUE"	5489	8676	8210	5072	6538	20169	3361	9384	7923	17034	4093	13846	11033	17699	6539	9998	20502	10994	14249	11993	13121	13065
"CinNaNmic_acid,_3-methoxy-,_trans-_(1TMS)_649428.75_TRUE"	8081	11433	7606	8112	10316	1401	13067	12862	17269	11796	12423	17786	15284	26083	21375	13123	13259	8758	10825	16336	17634	13108
Citrate (4TMS) [MP-1.1]	10805	8522	8808	11922	12893	1444	6950	13398	10791	9817	8727	19479	12705	14042	9356	8608	7964	6777	5977	10126	12312	7542
"Cysteine,_N-acetyl-_(3TMS)_554708_TRUE"	919	830	799	934	1097	43	1162	1023	1409	871	942	1457	1446	943	1328	893	553	847	698	1013	1408	827
"Cysteine,_S-methyl-,_DL-_(2TMS)_426358.72_PRED"	1488	1337	1512	1868	3195	494	2062	8976	4244	4640	126	191	7808	5218	5732	1456	3751	89	2608	5018	5642	115
Cysteine_(3TMS)_479326.28_TRUE	387	717	393	523	1038	182	808	655	596	588	994	732	484	829	1347	627	527	533	500	793	1031	602
"Decanoic_acid,_methyl_ester_(FAME_MIX)_363535.16_PRED"	1697	921	878	1205	1036	131	1300	2281	2302	1474	3128	2158	2862	1794	2707	2262	835	1363	1446	2088	2341	1893
Docosanoate (1TMS) [MP-1.1]	2070	1865	1117	1335	2464	218	2659	3030	2711	2031	4392	2140	3346	2436	3854	2317	2011	2218	2279	3400	3312	2251
Docosanoic_acid_(1TMS)_904290.44_TRUE	1391	1137	739	981	1771	144	1554	1974	1637	1271	2769	1437	2514	1596	2303	1647	1494	1611	1531	2094	2275	1429
Dodecane_260776.19_PRED	13146	7783	5327	10743	34793	1558	11593	25096	42097	34199	19228	3376	30369	23086	34146	12385	10525	13813	9145	18905	2222	9474
Dodecanoate (1TMS) [MP-1.1]	1346	1235	943	973	2186	68	1643	1968	2213	1314	1290	1021	2205	1298	2025	1814	1148	1391	1408	1938	1017	796
Ergosterol_(1TMS)_1051145.12_PRED	3151	2033	2254	2710	3339	369	3743	3984	5140	2655	3558	4616	4973	2909	8091	3564	1685	2126	4310	3687	6348	2424
"Erythronic_acid-1,4-lactone_(2TMS)_462181.38_TRUE"	4552	4222	4274	4575	9803	356	6092	14479	15687	11081	8038	8109	9670	19278	6855	11261	6809	7239	5503	8516	8158	10319
Ethanolamine [MP-1.1]	29050	26658	30356	37209	62904	11087	41985	187751	84263	105687	2486	4802	168908	113112	122609	28552	84348	1625	49553	109996	117782	2253
Ethanolamine_(3TMS)_321815.91_PRED	16325	34284	16160	16599	11323	13233	23854	25157	19286	24571	15977	50543	35888	28260	40349	18249	22667	8169	12122	19623	51161	14554
FAME C10:0	106840	83932	94520	113220	189191	13989	127387	276106	169759	146620	113333	210937	251918	180020	185473	103326	110278	120708	91390	158925	179707	95806
FAME C12:0	125201	101190	108839	132432	232557	16624	154320	313818	205449	181424	131926	228223	303678	213088	215798	118803	127208	145339	112179	191554	200710	110427
FAME C14:0	143512	119648	127214	160576	251778	19706	183026	368698	232822	200898	156074	263395	330903	243721	254713	138082	150517	163450	128688	210899	231070	128314
FAME C16:0	110015	90358	100810	119370	194818	16295	134564	281817	180152	163210	123454	202321	256993	188983	193166	108469	116412	117541	97981	162511	180988	97174
FAME C18:0	39463	34036	37409	43635	73103	5642	48299	108993	65397	57520	43873	71495	96382	65523	69599	37643	40522	42471	36255	58554	66271	32838
FAME C20:0	38624	31719	35376	42502	67415	5400	48959	103160	63438	56879	42760	70897	90099	66549	71706	37638	43166	44453	33755	54445	64034	34627
FAME C22:0	31993	26776	28792	33843	58928	4699	40763	84926	50249	47132	37109	60140	76777	54800	57104	31290	33931	36310	28635	50054	52785	27753
FAME C24:0	24375	20576	22333	26827	41971	3659	30953	64450	41242	34931	27767	44313	57959	39648	43543	24960	27156	27416	21188	39579	41218	22503
FAME C26:0	17972	15528	17321	20542	33523	2920	23621	51551	30767	26841	21482	34221	46382	32121	36365	18627	20019	21168	19509	29568	32338	16986
FAME C28:0	14929	11586	12973	16300	25893	2033	19131	39914	24202	20515	15481	24626	33154	23770	36489	14206	16103	15891	18719	21546	24771	12631
FAME C30:0	7243	5078	6058	7542	11958	907	8431	18749	10841	9608	6753	10457	15469	10826	19379	6282	6544	7119	10959	10380	12047	5370
FAME C8:0	13412	10111	10883	13741	28871	1738	15204	34048	26702	21629	15913	15115	31232	22803	26622	12964	13541	14879	11031	19621	13903	11511
FAME C9:0	77264	59883	71838	84156	145659	10808	93073	209890	125841	110052	82659	157677	184378	134814	134464	74688	83634	88446	66117	120509	140370	69930
Fructose (|Psicose) (1MEOX;5TMS) [MP-1.1]	784	714	1189	878	723	261	888	1227	1303	1035	1182	1417	1564	3773	1161	940	952	1602	1868	3546	1560	2042
Fructose (|Sorbose) (1MEOX;5TMS) [MP-1.2]	436	311	650	600	469	148	449	1115	804	535	760	960	641	2041	680	503	506	789	1169	2132	982	1171
Fructose 6-P (1MEOX;6TMS) [MP-1.1]	575	822	557	751	523	171	599	1090	1278	469	756	2261	1705	489	NaN	772	358	1537	1499	1439	1884	1365
Fructose 6-P (1MEOX;6TMS) [MP-1.2]	186	628	405	597	383	128	495	1051	1145	330	872	2037	1499	294	838	684	114	1537	1602	1649	1817	1287
Fructose_(1MEOX)_(5TMS)_BP_585803.75_TRUE	17622	27283	26358	15879	20711	66517	10496	30679	25728	56183	13156	43916	33254	55267	21442	30452	64956	33977	44164	38570	41685	40261
"Fructose-2,6-diphosphate_(7TMS)_912183.75_PRED"	653	778	577	990	789	7	908	2022	3793	1211	3669	3343	2966	739	2192	1697	332	1653	2307	3515	2979	1553
Fructose-6-phosphate_(1MEOX)_(6TMS)_BP_(Derivate_not_found)_768948_TRUE	215	918	600	785	696	174	655	1374	1744	441	1123	2894	1834	438	1069	1021	191	1983	2303	2234	2434	1690
Fucose_(1MEOX)_(4TMS)_MP_522432.03_TRUE	1256	1254	881	894	1697	48	1703	1383	2316	591	1096	666	1729	1245	2356	1235	565	1261	1106	1767	847	520
Fumarate (2TMS) [MP-1.1]	3093	7720	4778	5377	11682	695	7583	9487	10919	7958	7810	9900	11368	7095	8762	8230	8246	9104	9111	9745	12493	4529
Galactaric_acid_(6TMS)_658294.38_TRUE	7573	11018	7144	7731	10021	1227	12423	12021	16365	11246	12165	16894	15129	24439	19689	12856	12132	8436	10130	15981	16864	12717
"Galactopyranoside,_1-O-methyl-,_alpha-_(4TMS)_585464.62_TRUE"	20129	30922	29638	18710	22303	45418	12307	33667	27669	61448	15208	48635	37321	61811	23756	35172	72291	38253	49191	43279	47359	45831
"Galactopyranoside,_1-O-methyl-,_beta-_(4TMS)_598177.19_TRUE"	24540	25288	25266	24960	23776	21323	25765	22830	24472	24046	27762	22056	25425	22271	26275	25700	21420	24666	25046	24374	23784	24424
"Glucaric_acid-1,4-lactone_(4TMS)_660551.44_TRUE"	636	849	978	735	728	1552	398	1237	1060	1776	480	403	1245	2078	940	952	1910	1026	1541	1439	577	1204
GlucoNaNte|GalactoNaNte [MP-1.1]	551	989	707	885	970	370	846	1556	1404	992	673	1003	1640	1293	1316	1190	1205	1080	945	1261	1003	927
"Gluconic_acid,_2-oxo-_(1MEOX)_(5TMS)_BP_593592.06_TRUE"	1693	2664	2613	1642	2315	4928	1129	3079	2658	5352	1306	4193	3484	5317	2172	2994	6068	3363	4357	3944	4136	3710
"Gluconic_acid-1,4-lactone_(4TMS)_646839.44_PRED"	367	501	607	337	447	982	256	895	465	959	275	736	766	1125	492	599	958	572	714	524	909	645
Gluconic_acid-6-phosphate_[-H2O]_(5TMS)_762561.19_TRUE	575	822	557	751	523	171	599	1090	1278	469	756	2261	1705	489	858	772	358	1537	1499	1439	1884	1365
"Glucopyranose,_D-_(5TMS)_678044.25_PRED"	1637	1113	1113	1161	1710	27	2076	1739	1981	992	1779	2123	1878	1252	2219	1328	709	1238	1142	1707	2748	1500
Glucopyranose_[-H20]_(4TMS)_561007.94_TRUE	1124	1113	1034	931	1314	886	1285	1404	2078	1148	1356	2771	1938	1478	1886	1462	1027	1653	1462	1518	1960	1440
"Glucopyranoside,_1-O-methyl-,_alpha-_(4TMS)_613929.06_TRUE"	1846	1918	1492	1787	1495	336	2659	3283	2289	2438	2112	2824	2998	1886	3337	2088	1791	1674	1627	2290	2723	2104
Glucose (1MEOX;5TMS) [MP-1.2]	17286	21161	20596	16313	18801	46364	14282	21579	20793	33755	15983	29829	24080	35007	19046	24895	36191	24879	29761	27281	28334	26972
Glucose 6-P|Galactose 6-P (1MEOX;6TMS) [MP-1.1]	523	2619	1830	2323	1675	523	2168	3880	4956	1418	3501	8844	5781	1236	3230	3007	520	6037	6859	6614	7533	4973
Glucose_(1MEOX)_(5TMS)_BP_599322.19_TRUE	6302	8883	8798	5964	7266	24234	4361	9085	8001	15793	5186	13038	9814	16167	7115	10370	16915	10275	13665	11619	12098	11989
Glucose-6-phosphate_(1MEOX)_(6TMS)_BP_781714.75_PRED	134	505	336	472	476	89	373	895	982	368	667	1764	1127	250	593	629	90	1265	1242	1296	1458	941
"Glucuronic_acid-3,6-lactone_(1MEOX)_(3TMS)_MP_657311_TRUE"	14428	19470	13598	14405	18469	2355	23217	22480	30220	20307	21711	30118	27363	44329	37814	23052	23074	15356	18959	29459	30804	23465
Glutamate (3TMS) [MP-1.1]	115779	135754	102626	110216	157593	6748	161640	148934	220731	130967	201647	110556	205714	152959	262745	155134	96380	155124	182003	175161	167471	154267
Glutamine ([-H2O]2TMS) [NN-3.1]	1352	1358	1038	1441	2579	86	1750	1532	1166	948	3461	2375	1768	940	1432	1075	673	2016	1006	1344	1642	2217
Glutamine [MP-1.1]	230384	209765	218288	239861	239671	17205	259980	179454	215552	135395	273496	128309	204765	105445	257136	200410	90003	181312	170862	180182	156983	175007
"Glutaric_acid,_2-oxo-_(1MEOX)_(2TMS)_BP_486148.94_PRED"	806	781	673	828	869	8	913	1054	1290	626	1024	372	1486	638	1373	845	352	681	763	935	416	810
Glyceraldehyde-3-phosphate_(1MEOX)_(3TMS)_BP_571519.81_TRUE	22176	23359	20808	22130	25835	5122	33461	26714	39203	23137	35542	47686	39639	24880	50462	28349	14668	28949	29472	30126	53686	22041
Glyceric_acid-3-phosphate_(4TMS)_606948.88_PRED	1308	418	1073	179	537	318	530	2092	1136	1165	1030	226	1517	1820	1085	692	2248	1139	1133	2620	232	1200
Glycerol ((3TMS)) [MP-1.1]	8363	6096	6122	7404	9293	837	8106	12807	11789	7913	14898	12685	10672	13446	9648	9272	12683	8819	9279	15162	16065	8210
Glycine (2TMS) [MP-2.1]	11953	9770	8030	4967	29071	96	5903	10605	21268	4521	6524	2979	7719	13148	10887	11923	2347	14073	9911	6839	2403	10596
"Glycine,_N-acetyl-_(1TMS)_334790.31_PRED"	15892	16971	14398	15275	18940	1578	19911	21088	23957	12780	17440	35183	26801	17923	27781	19036	11079	13764	12268	21112	38462	14154
"Glycine,_N-cinNaNmoyl-,_trans-_(1TMS)_772530.69_PRED"	NaN	940	676	996	889	187	774	1849	1856	NaN	1317	3151	2085	673	1083	1202	245	2041	2331	2316	2431	1618
Glycylglycine_(4TMS)_591933.56_TRUE	501	761	848	500	591	1706	341	1032	680	1701	453	1271	1067	1719	756	899	1898	1021	1374	1151	1224	1214
Guanosine-5-monophosphate_(6TMS)_1065235.12_TRUE	1377	1616	1292	1325	2091	601	1782	1489	2414	1415	1907	2335	2163	1850	4007	1546	1293	1659	2471	2168	3041	1182
Gulose_(1MEOX)_(5TMS)_MP_584150.19_TRUE	254	346	353	296	381	1178	134	344	481	545	233	686	719	756	390	462	654	444	591	583	458	494
"Heptacosanoic_acid,_n-_(1TMS)_1053682.38_PRED"	8788	6233	6544	8143	10294	1031	10699	11409	16057	8210	10681	14100	14857	8978	24493	10559	4903	6805	13140	11681	19646	6923
"Heptanoic_acid,_n-_(1TMS)_255612.95_PRED"	27061	14978	10414	20790	64780	3153	22490	50768	90002	70544	38846	6560	60928	45499	70423	25627	21158	27545	17868	39332	4036	19304
"Hexacosane,_n-_908082.69_PRED"	745	624	397	441	852	76	873	1020	707	600	1586	741	1023	772	1191	695	665	641	690	1196	1031	714
"Hexadecane,_n-_486353.06_PRED"	15890	17243	12152	16196	15540	25	21514	22453	24824	11904	20406	5052	28381	15343	28359	18564	6628	13823	15648	20327	5145	15929
Hexadecanoate (1TMS) [MP-1.1]	19648	14078	14636	16119	56305	2195	18112	40185	28927	19579	20074	27966	35480	29701	26369	15949	19223	16748	16625	22494	23874	14070
"Hexanoic_acid,_2-ethyl-_(1TMS)_254181.88_PRED"	53938	29726	20317	41191	129926	6354	45870	101488	182542	148046	78032	12764	122296	94215	142999	51806	42829	56618	36578	80850	7629	38196
Histidine (3TMS) [MP-1.1]	880	656	740	1140	420	168	1463	764	621	490	1449	559	581	368	652	645	634	1187	493	499	479	1211
Homocysteine_(2TMS)_506276.72_PRED	3127	3645	2530	2859	3825	190	4298	4151	5256	3404	5147	5692	5417	4039	6432	3796	2564	3975	4336	4720	5867	3956
Homoserine_(2TMS)_380616.94_PRED	5948	5282	15339	6488	11435	379	9552	33965	15174	14213	22240	142	24172	20265	15905	21728	17202	30393	22534	22400	NaN	18034
Homoserine_(4TMS)_510930.09_TRUE	14986	17537	13358	14521	19148	924	20988	19392	27303	16956	25612	NaN	26636	19471	32245	19670	12271	19468	22566	22705	NaN	19277
Homoserine_lactone_(2TMS)_458933.88_PRED	3200	2958	3016	3013	6406	249	4068	9308	10091	7108	5325	5556	6495	12935	4514	7265	4664	5025	3763	5786	5842	7075
Hydrocaffeic_acid_(3TMS)_667708.25_TRUE	504	341	294	250	584	104	614	889	1271	1506	457	2106	1044	1234	1330	593	620	286	541	880	3735	534
Hypotaurine_(3TMS)_509415.53_TRUE	44041	51814	38311	45636	56586	2458	64371	58641	85701	49130	75207	77539	82270	59687	97162	57204	33100	56987	64859	70128	89168	56902
Hypoxanthine_(2TMS)_659841.12_TRUE	946	1698	1054	830	2235	194	1559	1690	1903	1322	2258	1739	2140	1407	2613	1497	2331	2256	2362	2938	2380	925
"Indole-3-acetic_acid,_1H-_(1TMS)_668169.31_PRED"	1233	1100	1187	1247	2054	183	1576	2720	2327	2046	1399	2454	2875	2113	2538	1206	1372	1283	1170	1772	2116	1127
"Indole-3-butanoic_acid,_1H-_(1TMS)_755498.5_PRED"	895	854	722	829	1199	319	1109	1118	1772	913	1166	710	1656	1245	1549	1072	NaN	870	1042	1288	694	771
Inosine_(4TMS)_904803.88_TRUE	6021	5268	3391	4192	8218	601	8122	7291	7283	5530	13283	5898	9333	6849	11539	7012	6029	6466	7007	10249	9294	6516
"Inositol,_allo-_(6TMS)_550276.69_TRUE"	6555	6125	5736	6647	7317	259	8524	7885	10681	6568	6981	10950	10275	7549	10801	7003	3510	5928	5434	8428	11537	5448
Isocitric_acid_(4TMS)_597989.19_TRUE	15345	13734	14989	16011	17421	1223	17389	12965	15250	9502	18646	9270	13971	7750	17922	13201	6298	12381	11594	12097	10458	12006
Isoleucine (2TMS) [MP-1.1]	3203	1944	1985	1734	3331	920	3767	3286	4059	3025	4018	5979	3550	3635	3764	3131	2573	3274	3429	3134	6090	2641
"Kestose,_1-_(11TMS)_1034658.38_TRUE"	1286	16597	7091	3735	9948	726	4867	2549	3455	2366	1873	14291	4096	1568	4945	2587	3991	7695	8311	4701	20460	721
Leucine (2TMS) [MP-1.1]	5706	3841	4436	3350	5625	1292	7863	5510	7805	6197	6768	11204	6477	7669	7805	5630	4886	5646	6195	6041	11612	5248
"Levulinic_acid,_5-amino-_(1MEOX)_(3TMS)_BP_591715.44_TRUE"	2105	3023	2914	1800	2242	5974	1150	3168	2950	6041	1479	4765	3900	6332	2393	3332	6802	3903	4793	4300	4612	4591
Lysine (3TMS) [MP-1.1]	12444	14342	11930	13483	9142	2104	18766	17095	16194	18123	15222	24314	20973	12146	25615	15286	12748	9385	12275	15968	20659	16009
"Lyxonic_acid-1,4-lactone_(3TMS)_580326.75_TRUE"	NaN	516	480	351	640	1059	447	679	583	742	322	977	701	986	703	708	834	638	706	721	724	575
Lyxose_(1MEOX)_(4TMS)_BP_488187.75_TRUE	1944	2015	1425	1967	2003	15	2322	2723	2973	1295	2189	589	3544	1728	3416	2273	894	1827	2011	2207	579	1934
Malate (3TMS) [MP-1.1]	8367	15838	10859	12611	23082	1771	11921	21390	23583	10950	13867	19654	23463	16783	17037	17764	11667	18866	19076	20950	23787	10965
Malic_acid_(3TMS)_442513.44_TRUE	3111	6095	4004	4954	8670	636	4285	8239	8860	4130	5010	7541	8153	6347	6635	6575	4299	6935	7120	7639	8832	4120
Maltotriose_(1MEOX)_(11TMS)_MP_1072282.38_TRUE	108	131	130	144	247	2026	241	429	196	184	209	NaN	NaN	178	72	95	270	138	NaN	466	630	512
Mannitol|Sorbitol (6TMS) [MP-1.1]	3610	3903	3724	4005	6580	723	4620	10273	7443	5654	5356	8728	9126	6957	7458	4555	4611	4844	4562	7238	8629	4240
"Mannopyranoside,_1-O-methyl-,_alpha-_(4TMS)_559825.75_TRUE"	4577	3496	3333	3470	NaN	859	4804	6192	5815	6914	5781	NaN	7531	6547	5954	5148	3047	3900	4109	4857	5938	5015
Melezitose_(11TMS)_1053876.5_TRUE	1461	1110	1284	1333	1693	200	1783	2059	2625	1494	1708	2482	2624	1453	3905	1707	826	1028	2228	1959	3045	1194
Melibiose (1MEOX;8TMS) [MP-1.1]	547	593	495	755	540	11	720	1843	3256	971	2847	2750	2535	664	2000	1374	262	1355	1842	2730	2576	1314
Methionine (2TMS) [MP-1.1]	2526	1876	1603	1567	2149	249	3939	3280	3581	4257	2834	4320	3131	2846	3784	2352	2579	2082	2629	2602	5543	2733
"Mevalonic_acid-1,5-lactone_(1TMS)_454636.47_TRUE"	3048	2918	3134	2982	6040	230	3844	9311	10125	6989	5255	5256	6409	12495	4285	7389	4578	4761	3661	5621	5872	6625
myo-Inositol-1-phosphate_(7TMS)_788938.62_PRED	711	511	383	507	694	184	674	764	766	701	1190	2257	1198	1225	842	597	671	959	622	747	2611	769
NicotiaNaNmine_(4TMS)_902113.62_PRED	1154	1136	717	919	1746	133	1892	NaN	1613	1239	2958	1275	2372	1502	2342	1500	1443	1259	1597	2142	2249	1490
NicotiNaNmide (1TMS) [MP-1.1]	7743	14152	10714	8580	19451	3470	12645	16197	22909	7607	15423	30308	16743	12538	20253	14403	11061	13749	17508	22962	36323	7250
NicotiNaNmide (2TMS) [MP-2.1]	685	1274	828	900	1014	154	1060	1998	853	514	1836	454	1114	717	684	1109	657	1610	864	925	343	762
"NoNaNn-1-ol,_n-_(1TMS)_336924.19_PRED"	76100	80270	68824	71894	90336	7403	94490	99140	113154	63775	83247	166145	132557	87721	132462	93571	52163	65964	59999	98886	177967	66974
NoNaNnoate ((1TMS)) [MP-1.1]	846	723	2067	869	1490	66	1370	4166	1877	NaN	2742	383	3495	2589	2194	2730	2282	NaN	2670	2805	341	2200
Norleucine_(2TMS)_337195.69_TRUE	323485	358825	296855	305542	406545	30793	405061	396922	507605	264989	356938	738044	549994	370445	587761	430962	216177	273112	260021	423090	815050	287265
"Octadecadienoic_acid,_9,12-(Z,Z)-_(1TMS)_775215.19_PRED"	14042	9902	9472	12148	38469	2159	14002	32266	19148	16035	16699	27156	31394	20532	18627	12292	16391	16067	16816	18396	18903	11212
Ornithine (4TMS) [MP-1.1]	1274	1061	1223	892	906	1548	2399	1371	1225	2218	1792	3010	1457	1291	2854	1071	1704	1050	1333	1482	3698	1393
Ornithine_(3TMS)_(Derivate_not_found)_492548.84_PRED	4961	5393	3651	4837	4572	12	6423	6902	7788	4015	6263	NaN	9014	4690	8739	5823	2066	4297	5079	6292	NaN	4889
Ornithine_(3TMS)_587245.62_PRED	1287	1958	1967	1235	1456	3164	791	2263	1740	3757	967	3212	2459	3911	1718	2136	4612	2424	3303	2749	2990	2841
Orthophosphate	1013909	1140118	921530	903995	1282844	87162	1243375	1068302	1700500	742105	1117684	2407645	1589676	1049996	1948506	1424781	614549	802300	822922	1291528	2664813	895124
Oxalic_acid_(2TMS)_236929.91_PRED	73672	55644	27226	38275	25366	325	80986	61769	47805	60530	98248	6952	46309	25037	53087	43040	27100	61147	39711	27212	5849	46575
"Pantothenic_acid,_D-_(3TMS)_680979.56_PRED"	1000	675	679	644	1106	11	1128	1124	1288	654	1108	1402	1195	851	1426	790	415	798	679	974	1831	886
"Pentadecane,_n-_462471.41_PRED"	945	849	932	911	1541	68	1228	2522	2796	1849	1542	1433	1828	3350	1302	1877	1188	1270	906	1454	1536	1744
Phenethylamine_(2TMS)_490740.62_TRUE	101695	107880	73370	102751	101776	108	135187	144231	159397	75468	129741	27741	183860	96931	176730	119358	40635	89239	103323	131844	26790	101730
Phenylalanine (2TMS) [MP-1.1]	2573	1952	2092	2009	2582	507	4084	2534	3193	2874	3039	4581	3236	2644	3868	2423	2090	2228	2329	2222	5591	2380
Phenylalanine_(1TMS)_492082.22_PRED	10114	11051	7676	10484	10202	18	13412	14586	16519	7763	13176	2105	18784	10138	18551	12598	4321	9360	10663	13662	2169	10653
Phosphoenolpyruvic_acid_(3TMS)_528164.19_TRUE	1038	252	640	210	381	171	257	1185	338	1695	537	149	458	1000	474	164	3128	690	769	1181	177	477
Phosphoric_acid_monomethyl_ester_(2TMS)_258939.19_PRED	8567	4534	3428	6185	21053	1014	7190	16054	29808	23196	12503	2195	19027	14729	23073	8384	7026	8866	5814	12414	1307	5806
Proline [MP-1.1]	8406	5159	6094	4498	7256	1358	12351	6935	11570	10829	7472	11371	9636	10511	11628	6180	7067	5571	6606	7035	17209	9892
"Proline, trans-4-Hydroxy- (3TMS) [MP-1.1]"	1642	1585	1355	1255	2718	128	2253	2744	3556	2072	2053	3538	4326	2820	2701	2130	1517	1383	1813	2339	3234	2412
Proline_(2TMS)_340374.03_PRED	27953	16391	21135	19183	23544	2723	30723	28961	31951	26392	28558	52353	25925	26682	30298	17661	30013	17587	25946	27567	57377	16646
"Pyridine, 2-Hydroxy- (1TMS) [MP-1.1]"	1623	1235	1627	1991	4430	365	2262	6085	4865	3528	1434	1459	6618	4608	4428	2014	3088	1001	2187	4106	NaN	979
"Pyridine,_3-hydroxy-_(1TMS)_283546.44_PRED"	460	384	450	506	791	93	582	1928	823	938	320	717	1758	1248	1028	433	811	247	596	1069	1506	282
Pyroglutamic_acid_(2TMS)_507313.84_TRUE	25078	28578	21599	23680	33882	1485	34787	34206	46448	28236	41314	56899	43934	32775	54530	32494	20570	32343	36452	37054	51030	30999
Pyrophosphate [MP-1.1]	3076	1562	1238	1344	1622	1622	2525	3892	4380	9520	3375	1670	5579	7538	3715	3392	2447	2281	3505	2324	1681	5378
Pyruvate (1MEOX;1TMS) [MP-1.1]	797	1583	1407	1250	1976	198	2152	2169	1368	2960	1835	7670	1517	1993	1806	1491	1669	1880	2303	1889	11259	1679
Pyruvic_acid_(2TMS)_209817.64_TRUE	3938	2858	2878	3244	3705	520	4313	5397	6274	4295	6223	5740	6921	5784	6206	5267	2986	4135	4177	5453	6612	5592
"Quinic_acid,_5-caffeoyl-,_trans-_(6TMS)_1052532.75_TRUE"	956	604	711	758	1038	115	1117	1304	1522	976	1142	1510	1535	908	2438	973	546	699	1377	1188	1881	813
Rhamnose (1MEOX;4TMS) [MP-1.1]	1091	1097	672	878	1458	17	1495	1386	1926	197	1013	320	1554	986	2335	1100	253	990	948	1572	177	184
Rhamnose_(1MEOX)_(4TMS)_BP_570616.31_PRED	3481	3679	3274	3608	4367	855	5483	4191	6529	3823	5772	7375	6678	4209	7889	4533	2674	4536	4842	4918	8606	3588
Rhamnose_(1MEOX)_(4TMS)_MP_517543.41_PRED	1077	1133	730	908	1522	6	1391	1474	NaN	591	886	55	1598	1225	2356	1170	182	1214	1016	1733	283	462
Riboflavin (brk) [BD;1.1]	2817	1505	1370	1776	1693	259	2257	3238	3427	2631	5240	6365	4347	2905	4544	3764	1685	2108	2387	3249	4170	3150
"Ribonic_acid-1,4-lactone_(3TMS)_550463.56_TRUE"	52754	50073	45629	49397	62084	1686	65941	51119	85137	50731	55372	81801	75480	56690	89139	59818	27025	44801	43733	63966	83830	42549
Ribose_(1MEOX)_(4TMS)_BP_501489.22_TRUE	955	492	689	NaN	999	20	1636	1258	1468	1198	943	2438	1760	1077	1322	934	558	671	1273	1022	1734	462
Ribose_(1MEOX)_(4TMS)_MP_503578.66_TRUE	8331	9646	6796	7820	10106	498	11685	10593	14982	9409	13428	12113	14347	10853	17176	10608	6724	10997	11732	12677	14324	10475
Serine (3TMS) [MP-1.1]	10673	7658	6530	5930	9713	1326	12563	10946	15584	10090	6116	18686	12961	8143	13382	7429	6406	7063	7317	8478	20155	10448
"Serine,_N-acetyl-_(2TMS)_491357.06_PRED"	26637	28933	19318	26966	27005	31	35508	38101	43831	19675	34976	5171	49463	25557	48672	32767	10473	22791	27609	35510	5044	26913
"Serine,_O-acetyl-_(2TMS)_410213.62_TRUE"	1387	1333	1358	1709	2777	579	1881	8010	3888	5018	73	276	7617	5165	5613	1365	3788	92	2307	4939	5897	51
Serine_(2TMS)_328955.09_PRED	11973	13177	10733	11550	14818	1172	14873	15155	18705	9706	13548	27513	19741	14043	21645	15220	8406	10375	9370	15838	29327	10570
Serine_(4TMS)_459464.91_TRUE	419	434	435	424	674	35	535	1474	1510	1002	778	736	1038	1791	619	939	625	649	581	749	784	976
Shikimic_acid_(4TMS)_586124.94_TRUE	6361	9838	9488	6056	7803	NaN	3800	10486	9802	19812	4627	16392	11936	20107	7781	11056	23047	12317	15757	13733	14430	14512
Siloxane_739483_PRED	562	408	505	532	1443	107	582	2135	1280	1063	601	1540	1985	1353	1514	731	788	588	842	1324	1440	638
similar_to_Asparagine_Derivate_505075.09_PRED	7034	7823	6052	6495	8582	403	9612	9167	12433	7842	11536	6794	12665	8996	14890	9101	5617	9222	10373	10532	10028	9188
similar_to_Diethanolamine_(2TMS)_335362.44_PRED	1312	1408	996	1110	1456	110	1513	1654	1698	1007	1313	2743	1862	1294	1945	1438	778	890	846	1362	2857	1025
similar_to_Lumichrome_(2MeOX)_367169.75_PRED	538	410	406	402	335	123	586	591	640	1123	1097	5773	1598	520	870	421	904	256	239	443	1771	449
"Sorbitol, U13C-"	23535	22678	24102	24437	46255	2626	27559	63786	49465	37557	31014	55414	60193	42695	48269	28214	29044	31987	27992	44877	48661	26863
SucciNaNte (2TMS) [MP-1.1]	16683	9499	8422	11816	9762	1159	13597	19843	22538	15021	32756	19131	25158	16557	27509	24131	7042	14084	15583	19373	22441	19954
Succinic_acid_(2TMS)_365265.25_TRUE	149795	82886	75346	102164	91172	10448	119508	178608	202666	128088	292119	165678	227875	147491	252085	215800	64444	121584	138602	177262	196460	177737
"Tetradecan-1-ol,_n-_(1TMS)_592555.94_PRED"	33262	50298	49132	30811	39170	66948	20356	58931	48614	101387	25247	81776	63115	103090	40137	58258	116778	63717	81126	72264	76757	74782
Tetradecanoic_acid_methyl_ester_(FAME_MIX)_489255.38_PRED	85426	92253	63746	88708	93050	110	114496	126703	140618	67409	110595	17875	158539	82977	157946	104830	35193	77668	89197	115270	16224	86916
"Tetradecenoic_acid_methyl_ester,_9-(Z)-,_n-_572839.69_PRED"	1649	1643	1487	1569	1905	374	2457	1983	3093	1610	2411	3473	2736	1809	3562	2019	1112	1895	2140	2224	3721	1526
ThreoNaNte (4TMS) [MP-1.1]	3553	3081	3022	2441	4171	241	3603	6451	6058	5717	4448	4049	NaN	9075	3525	4623	3701	3945	3141	4177	NaN	4843
Threonic_acid_(4TMS)_458765.47_TRUE	1823	1614	1509	989	1541	123	1720	2293	1844	2891	1971	1418	1787	3495	1629	1346	1770	1739	1399	1749	1884	1809
Threonine (3TMS) [MP-1.1]	7140	6574	5515	6161	7916	817	9046	9110	11584	7421	7647	14289	9948	8024	12078	7655	6024	6095	6219	7894	16220	7517
"Threonine,_O-methyl-,_L-_(2TMS)_334293.72_PRED"	766	893	589	738	1111	62	1108	892	1244	664	908	1762	1407	884	1318	1084	483	594	621	1004	1985	655
Triacontanoic_acid_methyl_ester_(FAME_MIX)_1116102.38_PRED	7243	5078	6058	7542	11958	907	8431	18749	10841	9608	6827	10457	15469	10826	19379	6282	6544	7119	10959	10380	12047	5370
"Tridecan-1-ol,_n-_(1TMS)_547762.06_PRED"	32074	27720	29826	37024	57504	1905	40542	58239	52698	47566	34717	57600	77109	53013	55325	31614	27862	37531	28180	46906	52543	28354
"Tridecane,_n-_342778.75_PRED"	71191	42530	54487	50288	67124	7470	81582	78874	86826	67727	71429	131323	70664	71600	79783	46953	75891	48518	66535	75030	144271	42802
Tridecanoic_acid_586610.62_PRED	29240	44461	41761	26917	32236	59719	17614	49721	39665	87371	20826	69582	54475	90532	34046	49180	100864	54787	69864	61450	66230	66022
Triethanolamine_(3TMS)_493189.91_PRED	12184	13165	9028	12297	12143	17	16063	18283	19362	9159	15568	2421	22082	11337	22295	14911	4913	10851	12497	16505	2079	12699
Tropine_(1TMS)_336960.03_PRED	20161	22295	18752	19319	23686	1936	26109	24314	31161	16338	22340	45938	34797	22839	36140	26778	13250	17351	16174	26853	50178	18171
Tropinone_(1MEOX)_343648.91_PRED	25075	14655	18442	16350	21060	2481	27786	26172	28347	22868	24420	45283	23068	24035	26784	15837	25783	16352	22988	24673	49344	14466
Tryptophan (3TMS) [MP-1.1]	1421	1092	935	1329	1084	236	1932	1894	796	1282	2276	405	1101	881	1032	1019	1744	1900	743	918	357	1303
Turanose_(1MEOX)_(8TMS)_BP_876686.69_PRED	448	563	472	407	957	55	783	1017	1107	709	417	1113	944	754	1091	693	490	491	708	1224	1412	497
Tyrosine (3TMS) [MP-1.1]	3691	2287	2274	2584	2926	695	5528	4203	4076	5120	4243	4597	3555	3304	4685	3036	3361	2784	2401	2585	4335	3451
Uracil (2TMS) [MP-1.1]	1004	858	784	605	1370	105	1238	1544	1106	656	1710	2009	1444	938	1682	695	751	1417	908	1186	1527	1186
Urea (2TMS) [MP-1.1]	130016	79007	95833	89857	106165	13308	148698	131601	147141	119549	137715	247639	118979	123184	144940	85069	136797	84328	120416	132422	272214	79440
"Valeric_acid,_3-hydroxy-3-methyl-_(1TMS)_235895.11_PRED"	7601	5733	2964	3983	2816	42	8153	6174	4815	6091	9839	583	5022	2558	5110	4394	2891	6212	3969	2879	NaN	4924
Valine (2TMS) [MP-1.1]	7564	5000	4947	4778	7896	2194	9029	8296	9836	7985	9965	12674	7332	9070	9213	7286	6943	7380	7506	8276	14702	6924
Xylitol (5TMS) [MP-1.1]	537	731	373	485	1006	570	851	752	935	671	1321	1093	738	507	967	767	688	792	825	1610	1582	522
Xylose (1MEOX;4TMS) [MP-1.2]	1236	1508	1003	1209	1360	52	1758	1916	2891	1617	1427	769	2618	1899	3570	1273	997	1379	1553	2607	1454	1231
Xylulose_(1MEOX)_(4TMS)_MP_509094.19_TRUE	8730	10299	7488	8252	10837	491	12022	11114	15590	8669	13891	16057	15200	11146	19142	10870	6341	10756	12167	13350	14862	10276
