putative Compound	hum_101_6 _kid	hum_102_6 _kid	hum_103_6 _kid	hum_104_6 _kid	hum_105_6 _kid	hum_106_6 _kid	hum_120_6 _kid	hum_121_6 _kid	hum_141_6 _kid	hum_153_6 _kid	hum_98_6 _kid	Wt_132_6 _kid	Wt_133_6 _kid	Wt_134_6 _kid	Wt_135_6 _kid	Wt_142_6 _kid	Wt_147_6 _kid	Wt_148_6 _kid	Wt_152_6 _kid	Wt_91_6 _kid	Wt_wt6_6 _kid
(std.i) U13C-Sorbitol	2885	2885	2885	2885	2885	2885	2885	2885	2885	2885	2885	2885	2885	2885	2885	2885	2885	2885	2885	2885	2885
1-Pyrroline-2-carboxylate	1109	408	602	364	1327	625	233	285	332	298	1700	186	246	1916	2042	74	331	214	273	1295	123
2-Piperidinecarboxylic_acid_(1MEOX)_(2TMS)_549118.94_TRUE	6292	1987	4481	3546	3750	4017	3093	4696	3894	2235	7752	4509	2908	2662	3734	1471	3952	5336	1987	3863	2172
2-Piperidinecarboxylic_acid_(2TMS)_375026.84_TRUE	677	552	512	527	952	879	263	683	678	807	1133	615	497	852	812	305	818	682	683	1152	260
4-Hydroxyphenyl-beta-glucopyranoside_(5TMS)_872154.19_TRUE	379	315	340	526	371	261	7717	235	246	807	314	211	207	344	312	776	453	512	1468	773	737
Acetylsalicylic_acid_(1TMS)_479339.56_PRED	644	538	700	518	935	911	34	957	1063	760	1469	636	686	779	742	450	753	1237	687	546	483
"Aconitic_acid,_trans-_(3TMS)_600462.25_PRED"	3718	3190	4241	2974	3534	3085	26360	3156	3643	2618	4740	3357	2974	3530	3064	2458	3110	3083	2701	2862	2302
Adenine (2TMS) [MP-1.1]	2708	1635	2382	1784	2629	3317	1258	1993	2058	1989	3640	1680	1759	2610	2053	1293	2463	2318	1880	2387	1061
Adenine_(1TMS)_586048_PRED	17944	29396	19825	13179	20993	15589	6485	20788	45372	26572	30424	19748	27474	16316	20800	8891	63730	20186	15568	55902	9450
Adenine_(2TMS)_679386.88_TRUE	47469	22062	35662	34620	27456	36466	25543	33086	59839	19145	65275	34771	28351	28943	30613	12571	24230	49291	22379	39643	17655
Adenosine 5-P (|ADP|ATP) (5TMS) [MP-1.1]	617	351	554	433	504	796	293	721	821	898	960	552	438	800	473	343	547	878	415	875	312
"Adipat, 2-Amino-"	468	424	555	440	554	817	128	715	859	691	957	545	467	733	565	332	596	733	479	471	306
"Adipic_acid,_2-amino-_(3TMS)_553368.06_TRUE"	947	770	989	NaN	1036	1275	465	NaN	1162	775	1694	920	738	1041	1058	478	1138	1307	744	1037	499
Agmatine [MP-1.2]	15970	10467	15158	11360	8522	13411	2701	11967	50312	19885	34787	16920	18500	16549	12750	6637	27916	15331	6499	57810	5320
Agmatine_[-NH3]_(3TMS)_578698.75_PRED	68553	42725	64967	37595	46321	68154	107580	53923	75350	65432	83636	49528	43566	70303	62938	32850	63477	69880	54055	62771	40075
Alanine (2TMS) [MP-1.1]	1528	1640	2732	1741	2613	3783	1223	3104	4745	2582	5196	2489	2600	4478	3102	1547	1864	2619	2247	517	1014
"Alanine, beta- (2TMS) [MP-2.1]"	2758	1918	2369	2027	2456	3895	1067	2117	3096	2382	3562	1987	1605	2682	2256	1448	2637	2731	2204	3948	1580
"Alanine,_beta-_(2TMS)_273369.53_TRUE"	3073	1826	2452	1550	2177	2386	1338	2576	6969	5265	9174	3934	3110	6506	4037	1852	2281	3434	2323	2011	1002
Alanine_(2TMS)_207563.2_TRUE	1827	226	314	3064	1318	11377	195	598	1656	374	NaN	487	2011	2203	676	910	NaN	367	NaN	767	1518
Alanine_(3TMS)_355868.03_PRED	998	547	758	460	679	728	369	796	2062	1606	2745	1235	1032	2105	1347	562	745	1021	833	562	307
Allantoate	90627	108975	107200	98491	102395	106234	NaN	99082	119677	100384	94606	106626	126412	100899	105410	127530	100156	111798	106498	107442	127753
Allantoin (5TMS)	3098	2053	2920	2200	1671	2588	529	2285	10311	3875	7124	3331	3744	3626	2426	1329	5602	2999	1403	12432	1058
Allantoin_(4TMS)_643191.62_PRED	4041	4262	3565	3484	10816	7356	1924	4013	2650	9080	4574	3429	2244	6453	4844	4665	9874	8250	5788	6987	3215
Allose_(1MEOX)_(5TMS)_BP_588062.44_PRED	8468	7504	11626	6313	9034	13453	724	7700	10786	7889	11452	7668	7331	10680	7371	5234	7678	7403	4357	6552	2883
Allose_(1MEOX)_(5TMS)_MP_577900.56_PRED	1054	4051	616	226	280	442	60	395	5540	1224	1225	580	3519	386	335	197	7415	505	266	8205	149
Altrose_(1MEOX)_(5TMS)_BP_593442.75_PRED	184	464	1090	418	425	479	194	640	473	827	1948	895	232	358	1491	283	1264	1101	300	37	176
Altrose_(1MEOX)_(5TMS)_MP_590452.62_PRED	2493	4368	9680	9555	9098	11763	8157	9079	13560	4019	10515	8069	6776	10238	6974	3537	6881	8471	4598	2131	4986
Arabinose_(1MEOX)_(4TMS)_MP_498992.12_TRUE	39887	23427	29378	23271	31466	40125	595	38224	45063	24728	72088	36654	22420	33870	41469	15335	37882	34334	18628	39453	11167
Arginine [MP-1.1]	226281	71306	164308	130149	127000	141060	119920	177571	144890	77676	285497	166949	105536	92649	135017	51915	136087	185555	64746	141750	80261
Arginine_[-NH3]_(2TMS)_582688.25_PRED	2929	975	1876	3965	3480	2334	888	1482	1052	1505	3584	1764	1672	4855	1102	1976	1609	2241	4602	2843	1014
Ascorbate (4TMS) [MP-1.1]	1209	626	980	976	1159	1210	157	1308	1646	981	1860	942	746	1276	909	632	955	1441	818	1908	702
"Ascorbate, 1-Dehydro- (dimer;2MEOX) [MP-1.1]"	3950	8606	9044	11239	9489	5189	459	18536	27520	12113	19498	8052	17502	23453	13626	10445	13621	15403	13468	3639	15541
Ascorbic_acid_(4TMS)_652392.44_TRUE	69267	22241	52034	41284	39655	43763	38271	56447	45818	25006	89711	52007	33017	29426	41706	16372	42278	58093	20638	43622	25676
Asparagine (3TMS) [MP-1.1]	579	536	703	530	909	806	31	1030	1044	854	1436	607	721	814	769	470	818	1170	745	624	463
Asparagine (4TMS) [NN-5.1]	61710	25068	48689	37086	45683	67193	9314	48421	75586	48334	82869	46996	40816	55558	51892	23358	42426	54094	35281	75135	23437
Asparagine (-H2O;2TMS) [NN-3.1]	14932	6575	11063	8895	11072	16712	2256	11174	18723	12341	20032	11731	10766	13335	13184	5654	10335	12768	8232	17798	5546
Asparagine_(3TMS)_476136.78_PRED	59452	25230	47524	35783	44280	66616	8857	45614	74026	47141	81429	46301	40005	54976	52223	23294	41112	53123	35275	73812	23388
Asparagine_(3TMS)_550488.31_TRUE	1256	716	784	737	1284	1018	280	1055	1707	822	1284	681	567	NaN	1272	378	944	971	6858	27394	NaN
Asparagine_(4TMS)_BP1_479623.44_TRUE	1189	716	784	737	1284	1018	280	1055	1707	810	1284	692	567	944	1272	378	944	971	6858	27394	348
Asparagine_[-H2O]_(2TMS)_494442.75_TRUE	1257	563	733	966	1274	1774	77	1138	1625	1068	2022	820	889	1518	1221	689	1210	1524	779	538	616
Aspartate (3TMS) [MP-1.1]	124773	48322	87287	70140	62594	84918	926	113459	158530	52230	238895	102357	59677	101903	122076	39059	84139	105367	37509	139433	24145
Aspartic_acid_(2TMS)_458076.97_TRUE	222	189	229	283	254	277	2647	221	303	335	428	184	165	280	180	262	348	295	750	551	316
Aspartic_acid_(3TMS)_458039.69_TRUE	3011	993	617	593	1323	1140	220	2008	1350	1003	3426	1027	447	348	2107	NaN	3526	2780	NaN	4383	1019
Aspartic_acid_(4TMS)_550990.62_TRUE	1160	1004	418	118	248	531	99	494	516	492	1685	896	167	109	938	62	1120	1029	47	2431	487
Benzoate (1TMS) [MP-1.1]	101134	302116	282969	111070	241769	251014	115924	258640	337374	264107	481592	248481	173478	356900	186679	60721	341633	210476	146564	40266	121260
"Benzoic_acid,_(1TMS)_349981.84_PRED"	1848	1766	2450	1248	1976	2743	3083	1719	3870	3192	4105	2350	1822	2936	2992	1092	3188	2405	1680	1942	866
"Benzoic_acid,_3-hydroxy-_(2TMS)_507250.44_TRUE"	1073	695	659	628	1068	870	606	633	717	1005	893	579	542	1205	988	371	1178	1224	603	1008	195
"Benzoic_acid,_4-amino-_(2TMS)_650574.94_TRUE"	22650	43507	76683	17874	35240	149368	1912	76377	262225	147635	328974	71501	61067	179595	23175	37986	50428	61989	30714	11773	7140
"beta-Galactopyranosyl-1,3-arabinose,_D-_(1MEOX)_(7TMS)_879025.31_PRED"	2276	1726	2333	2105	2480	2616	1523	2629	2144	1871	3138	2226	1558	2330	2488	1094	2663	3025	1706	791	1248
"Butanoate, 4-Amino- (3TMS) [MP-1.1]"	5222	6477	6061	5622	5750	6007	NaN	5538	7023	5762	5479	6055	7327	5907	5884	7363	5929	6196	5971	6241	7053
"Butanoic_acid,_2,4-diamino-_(4TMS)_519172.62_TRUE"	410	519	9356	61498	18618	9042	122	8945	40695	5505	2148	4883	9832	178618	3188	36607	615	651	73532	4052	894
"Butanoic_acid,_2-oxo-_(1MEOX)_(1TMS)_MP_252911.77_PRED"	8133	8883	9264	8097	8675	8776	113589	8481	9189	8617	8793	8654	9356	8340	8488	8967	8844	8888	9179	8339	8569
"Butanoic_acid,_3-hydroxy-_(2TMS)_249401.72_PRED"	5043	1326	776	400	851	1030	320	943	985	672	2799	650	454	200	1904	194	1667	2294	300	5053	701
"Butanoic_acid,_4-amino-_(3TMS)_452983.28_TRUE"	310	250	325	656	373	265	11513	165	190	977	324	134	130	432	283	1142	468	385	2008	1100	1032
"Butyric_acid,_2,4-diamino-,_DL-_(3TMS)_438050.91_PRED"	298	250	325	656	373	265	11513	165	190	977	324	134	130	432	283	1142	468	385	2008	1100	1032
"Butyro-1,4-lactam_(1TMS)_241244.02_PRED"	6875	5241	5603	4225	10971	7448	2898	7202	8194	5931	9199	6442	3862	6102	7094	2812	6608	NaN	5350	7191	2717
Caffeine_754467.62_TRUE	4254	1657	2953	2034	2568	2099	813	6240	3236	3186	6793	6825	2935	6761	5130	1815	5130	NaN	2135	6502	1647
Calystegine_A3_(1MEOX)_(3TMS)_BP_588253.69_PRED	14634	11726	7262	22235	27422	42076	69	22966	28209	18246	26290	2563	18412	37419	32706	13664	20640	31766	18959	17137	17412
Calystegine_B2_(1MEOX)_(3TMS)_BP_620736.44_PRED	667	605	594	592	831	1151	427	744	738	994	985	650	507	916	785	510	919	861	609	700	540
Calystegine_B4_(1MEOX)_(3TMS)_598843.25_PRED	3552	2543	3123	3088	3976	4020	2323	3986	3269	2930	4845	3280	2387	3599	3914	1591	4220	4528	2613	1190	1894
"Caproic_acid,_2-oxo-_(1MEOX)_(1TMS)_326540.84_PRED"	1238	1118	1474	1059	1476	1242	11348	1102	1322	1054	1338	1214	1237	1329	1331	1014	1281	1185	1089	1114	912
"Caproic_acid,_6-amino-_(3TMS)_546902.25_TRUE"	127763	45134	87828	70298	56754	79490	800	112974	158801	47489	241522	102799	58830	101103	120288	37230	77049	106808	34560	141437	22645
Cellobiitol_(9TMS)_870156.12_PRED	14863	18391	17622	16521	16707	18072	NaN	16036	19606	16388	15866	17274	21100	16616	17310	21483	16613	18372	17870	17394	21043
"Cellobiose,_D-_(1MEOX)_(8TMS)_BP_872226.81_PRED"	19990	8500	8695	14692	9489	11638	2990	11269	35065	19487	13259	11090	12893	16667	9401	3988	16410	13978	4949	23259	3180
"Cholesterol, D6-"	1020	709	850	651	923	1406	352	806	1407	826	1356	710	560	1022	766	488	884	937	795	2431	479
Cholesterol_(1TMS)_1079629_TRUE	32732	28157	40535	31147	48627	46411	903	53520	53852	44355	85522	33589	37802	40706	44424	27384	48192	70052	37904	28695	28364
"CinNaNmaldehyde,_3,5-dimethoxy-4-hydroxy-,_trans-_(1MEOX)_(1TMS)_BP_790709.62_TRUE"	458	621	1488	1311	1323	1560	1304	1414	2023	709	1800	1319	932	1422	1018	526	1052	1389	683	501	781
"CinNaNmic_acid,_2-methoxy-,_cis-_(1TMS)_527345_PRED"	4729	4327	3838	3979	6679	8466	1068	4276	2698	6059	5311	3071	2908	6728	5880	3948	6581	6775	4532	5195	3502
"CinNaNmic_acid,_3,5-dimethoxy-,_trans-_(1TMS)_753001.19_TRUE"	3177	2725	2375	2635	4599	5722	711	3159	2054	3709	3625	2261	1919	4369	3924	2611	4334	4160	2913	3198	2092
"CinNaNmic_acid,_3-hydroxy-,_cis-_(2TMS)_599148.38_TRUE"	10694	28432	29281	12213	24731	26459	12066	26689	35263	26432	47916	26988	18275	34101	19709	6562	34408	21498	15834	4120	12437
"CinNaNmic_acid,_3-hydroxy-,_trans-_(2TMS)_653564.75_TRUE"	954	483	591	625	941	793	228	872	1155	739	1274	829	599	1111	1119	372	816	906	1022	874	431
"CinNaNmic_acid,_3-methoxy-,_cis-_(1TMS)_587950.5_TRUE"	1012	711	927	645	1679	1037	391	1105	1233	1015	1331	982	575	976	1158	418	979	95	890	925	444
Citrate (4TMS) [MP-1.1]	684	522	542	439	1022	692	272	691	771	634	903	628	393	658	901	300	714	706	475	654	246
Citric_acid_(4TMS)_594326.44_PRED	508	334	282	519	1038	1184	86	414	356	981	474	269	301	991	606	550	656	753	675	508	515
Creatinine_(3TMS)_489565_TRUE	12286	4993	9506	7566	9004	13745	1821	9360	15198	9361	16485	9418	8109	11010	10572	4753	8106	10740	7044	15298	4671
"Cysteine,_S-methyl-,_DL-_(1TMS)_354018_PRED"	61599	51188	27100	13584	7560	11285	24447	19708	16759	7033	38441	17299	2457	1770	38007	1613	12507	38400	1757	86225	21123
Cysteine_(3TMS)_479326.28_TRUE	435429	108573	59223	31332	68850	88339	27308	78887	71405	46062	225583	49674	34878	20581	153943	13341	141447	195553	14757	496094	61661
Cystine_(4TMS)_791615.31_TRUE	139522	103038	104645	77009	189336	132727	48399	130641	137980	113122	175427	116842	75614	120658	145223	50034	124769	121108	105980	150367	48320
Dehydroascorbic_acid_(2MEOX)_BP_639171.94_PRED	155873	119916	124106	100153	232161	161189	56120	157648	159219	142536	210259	145674	90852	142788	171259	64694	150823	144789	129653	156807	58840
Dehydroascorbic_acid_dimer_(2MEOX)_MP_625466.25_TRUE	184556	130416	139927	107490	245654	182967	62577	186011	184197	157848	239115	172168	106321	156780	194881	69641	177198	165488	134586	184106	62421
"Docosahexaenoic_acid,_4,7,10,13,16,19-(Z,Z,Z,Z,Z,Z)-_(1TMS)_907201.25_TRUE"	148437	110706	109077	87038	208313	143854	54549	147969	147319	125796	187563	135034	84599	129563	157673	57206	136119	130678	110455	135802	50671
Docosanoate (1TMS) [MP-1.1]	52271	38558	37574	31241	72301	51726	19756	52240	52372	42951	68910	47338	29673	45737	55810	20751	45185	44240	39723	48260	17326
"Docosanoate|Docosenoate, 13Z- (1TMS) [MP-1.1]"	50915	37078	35719	30263	73829	50598	19035	49571	49598	42878	63689	45608	28478	45999	50564	19119	47323	46342	39419	47758	17586
Docosanoic_acid_(1TMS)_904290.44_TRUE	39980	30998	31117	24023	59153	41618	15710	41974	40627	35534	52016	38423	23716	38612	42851	15683	38906	39643	31722	38751	14335
"Docosenoate, 13Z- (1TMS) [MP-1.1]"	31489	24510	22935	18715	47351	33667	11049	31502	30685	28568	41396	28490	18183	26796	31960	12269	31134	31680	23496	30030	10888
Dodecane_260776.19_PRED	24402	18562	17064	14592	36004	24725	9216	24026	27661	21003	32837	22915	14273	22013	24746	9305	23487	25020	18612	21863	8680
Dodecanoate (1TMS) [MP-1.1]	18772	14350	13634	10185	28979	17694	6789	18042	23238	15581	23453	16682	10071	15758	18893	7112	16966	24216	13758	17466	6573
"Dotriacontane,_n-_1074008.75_PRED"	9277	6370	6331	4581	12534	7707	3120	8468	12592	6827	11098	8025	4337	7325	9091	3116	8177	15035	6433	8086	2992
Eicosanoic_acid_methyl_ester_(FAME_MIX)_818614.44_PRED	90093	84954	81014	57784	128950	101388	38018	98884	105616	86637	133724	85759	58188	100989	105747	35697	96553	89446	78897	62956	36857
Epicatechin_[-O]_(4TMS)_963441.19_TRUE	97704	76728	76685	59517	135720	98542	37205	97901	97511	84035	126851	86006	53812	88493	108971	35183	90694	88851	79536	105931	35398
"Erythronic_acid-1,4-lactone_(2TMS)_462181.38_TRUE"	2557	6016	1005	875	1189	1296	486	594	14461	2892	2521	1240	8317	2846	971	740	NaN	1205	1754	39593	672
Ethanolamine [MP-1.1]	45239	55241	53536	49251	52385	53451	NaN	49704	62417	50325	48062	53689	65108	51860	53190	63487	52083	56078	52608	54734	62440
Ethanolamine_(3TMS)_321815.91_PRED	316	795	228	143	206	203	94	166	1834	406	343	220	1121	325	200	103	588	191	219	4739	98
FAME C10:0	1023	958	1024	995	1141	1554	190	1336	2658	1508	2814	1602	1193	1704	1430	726	1370	1573	903	1720	900
FAME C12:0	5468	2704	3436	2470	8078	5570	2299	4463	2524	5543	5204	2720	1535	7309	5942	2640	7833	7575	3721	6511	1442
FAME C14:0	709250	241803	515686	401924	327229	409152	4827	628460	924795	262074	1329215	551306	304093	569123	671311	195252	411039	600464	196971	836056	124202
FAME C16:0	1395	270	302	2639	1260	9316	144	403	1369	379	659	389	1673	1953	520	793	250	316	275	616	1250
FAME C18:0	8572	1395	1794	17356	6431	62662	766	2306	8322	1638	3554	1919	10400	11888	2935	4909	1302	2155	1193	3332	8031
FAME C20:0	5508	1223	1766	10142	4216	35821	1643	1784	5433	1762	3085	1917	6351	NaN	2286	3006	1522	1860	NaN	2906	4712
FAME C22:0	53598	62312	60747	54972	59233	61874	NaN	55839	69756	56904	55172	61572	72593	57643	59761	68218	60120	65231	59275	64199	67349
FAME C24:0	16819	16112	18386	14890	16943	16080	141625	15143	17933	14391	18898	16099	16222	16236	15217	14151	15568	16221	13970	15451	13738
FAME C26:0	102	112	645	1164	490	564	19	652	1665	406	376	490	582	2973	233	743	109	104	829	103	63
FAME C28:0	1512	358	541	2739	1433	9443	504	698	1634	526	845	583	1732	2236	709	893	537	623	577	632	1286
FAME C30:0	2143	2222	2060	1922	1895	2031	16580	1946	2714	1850	2747	2247	2224	1821	2044	1780	1846	2235	1710	1194	1739
FAME C8:0	256	NaN	902	7739	1214	551	20	712	3642	575	1121	691	887	34939	769	3983	221	367	19015	1100	109
FAME C9:0	1887	1435	2756	4465	3437	9427	2638	2608	4259	NaN	2927	2372	2868	4143	2672	1582	NaN	NaN	1850	1733	2157
Fructose (|Sorbose) (1MEOX;5TMS) [MP-1.2]	4159	5138	5366	4957	4863	4883	NaN	4893	6403	4868	4793	4864	5948	5041	4825	5931	5139	5321	4986	5702	5741
Fructose_(1MEOX)_(5TMS)_BP_585803.75_TRUE	969	1851	21606	41306	16407	14985	7377	19348	58109	12019	9557	14760	18714	104586	7144	24011	3165	2746	26239	2330	2221
Fructose_(1MEOX)_(5TMS)_MP_580248.19_TRUE	1600	982	1766	1879	2454	2330	2669	2047	2762	1334	2551	1653	1722	2447	1911	1107	1555	1745	1679	945	821
Fucose_(1MEOX)_(4TMS)_MP_522432.03_TRUE	2108	1420	1844	1556	2163	3535	NaN	1290	1826	1633	2364	1645	1312	1701	1704	888	2051	1629	1290	2405	799
Fucose|Epifucose (1MEOX;4TMS) [MP-1.1]	2144	1888	1762	1261	2224	2604	1327	1660	2581	2103	2822	1900	1775	1478	2202	683	4850	2206	1071	2575	1098
Fumarate (2TMS) [MP-1.1]	969	NaN	21606	41306	16407	14985	7377	19348	58109	12019	9557	14760	18714	104586	7144	24011	3165	2746	26239	2330	2221
Fumaric_acid_(2TMS)_371909.34_TRUE	26687	29926	30083	27583	28962	29499	289172	27126	30531	28182	29950	28593	30938	27849	28220	29953	28760	29430	29200	28741	29172
Galactaric_acid_(6TMS)_658294.38_TRUE	509	384	333	524	486	847	5430	397	847	233	546	397	684	468	569	329	344	447	360	513	244
Galactitol_(6TMS)_590143.5_TRUE	847	384	490	375	1254	681	1867	475	717	787	1085	423	453	673	457	360	818	811	395	1278	184
Galactonic_acid_(6TMS)_626905.06_TRUE	309571	122443	216529	175580	169166	207354	7925	280213	384446	132467	582886	253523	145757	248723	299184	95375	203705	261208	100180	345037	61253
"Galactonic_acid-1,4-lactone_(4TMS)_619566.38_PRED"	3799	3260	4820	2847	3960	3452	9030	3260	4347	2402	6124	3300	2742	3759	3132	1872	3391	2980	2184	2873	1735
"Galactono-1,4-lactone [MP-1.1]"	16930	2814	3516	31404	12659	116256	1558	4449	15906	3237	6514	3372	19851	22117	5684	9305	2552	3959	2393	5985	15175
"Galactopyranoside,_1-O-methyl-,_alpha-_(4TMS)_585464.62_TRUE"	12034	13617	13711	12588	13112	13257	197766	12300	13704	12940	13264	13564	14335	12760	12981	14471	12821	13908	13656	12566	13844
"Galactopyranoside,_1-O-methyl-,_beta-_(4TMS)_598177.19_TRUE"	16930	2814	3516	31404	12659	116256	NaN	4449	15906	3237	6514	3372	19851	22117	5684	9305	2552	3959	2393	5985	15175
"Galactose,_2-amino-2-deoxy-,_D-_(5TMS)_642472.56_PRED"	1379856	501491	968746	773529	641721	868181	NaN	1246678	1723983	531182	2598669	1116517	635969	1106900	1313972	410752	865459	1156004	387947	1535545	250494
Galactose_(1MEOX)_(5TMS)_BP_588777.81_PRED	312060	174109	222244	286899	318512	526865	21191	350114	466053	334926	583528	226983	265601	474046	375631	211286	356403	459422	260567	130428	205415
Galactose_(1MEOX)_(5TMS)_MP_587519.31_PRED	274	646	470	628	567	405	62	1057	1486	686	1003	516	1058	1323	755	562	807	914	714	244	814
Galacturonic_acid_(1MEOX)_(5TMS)_MP_624653.5_TRUE	64477	51562	81831	45138	61459	52780	84794	53369	69022	34298	101554	50067	38101	60755	48587	25275	52807	47104	31645	42975	22400
"Glucaric_acid-1,4-lactone_(4TMS)_660551.44_TRUE"	28694	12231	20525	16901	15913	20730	265	26683	34781	12800	50878	23546	14021	23475	28630	9425	20712	24665	9575	31258	6049
Glucoheptose_(1MEOX)_(6TMS)_MP_668728.75_PRED	2684	813	1750	1324	1355	1930	25	2361	3368	1245	4918	2438	1674	1909	2635	688	1803	2351	600	2848	664
GlucoNaNte|GalactoNaNte [MP-1.1]	1012	401	412	695	784	809	186	667	1143	652	2170	504	457	756	646	263	790	811	503	902	404
"Gluconic_acid,_2-oxo-_(1MEOX)_(5TMS)_BP_593592.06_TRUE"	5396	5586	4995	4186	7058	7302	1706	6511	6105	4874	8856	5797	4317	8072	6173	2495	6564	6521	4202	4196	2732
Gluconic_acid_(6TMS)_627052.12_TRUE	170669	115003	171123	127687	95447	144054	29196	129421	603710	218809	394278	185638	212647	180452	139068	75038	317833	169930	71145	688783	59022
"Gluconic_acid-1,4-lactone_(4TMS)_646839.44_PRED"	641	750	1230	653	1391	1464	714	959	446	2186	1572	1172	198	763	1119	345	1400	589	982	145	750
"Glucopyranose,_D-_(5TMS)_644536.81_PRED"	6691	12026	8541	8893	13852	18074	3857	8406	7586	23678	6842	8337	9581	11335	11313	5969	29969	16196	11897	11554	8273
Glucopyranose_[-H20]_(4TMS)_561007.94_TRUE	NaN	NaN	4256	2624	3554	2970	694	3316	6682	4280	5842	3398	2353	2326	NaN	1465	4909	3518	2079	14811	1300
"Glucopyranoside, 1-O-methyl-, alpha- (4TMS)"	2835	747	563	548	377	1166	174	610	442	648	1314	718	620	353	578	195	773	1094	304	8098	711
"Glucopyranoside,_1-O-methyl-,_alpha-_(4TMS)_613929.06_TRUE"	6961	109291	251241	295482	335967	375309	21176	278311	354358	233750	353222	154113	246222	458449	249582	172003	166937	216588	285029	14257	136985
"Glucopyranoside,_1-O-methyl-,_beta-D-_(4TMS)_646436.88_PRED"	8859	6772	6896	9600	13370	12960	4294	10455	5489	8509	11064	9547	7937	9199	10918	6091	10373	10803	8866	7814	6312
Glucose (1MEOX;5TMS) [MP-1.1]	537	497	1076	1271	1329	2170	1023	1019	1678	589	1304	1118	952	1359	931	503	844	1119	759	524	737
Glucose (1MEOX;5TMS) [MP-1.2]	1375	1729	1608	1461	1599	1678	NaN	1506	1687	1426	1622	1596	1858	1506	1541	1794	1466	1623	1559	1609	1772
Glucose 6-P|Galactose 6-P (1MEOX;6TMS) [MP-1.1]	590	402	289	553	1202	1295	99	449	377	967	639	268	345	916	618	557	751	825	733	538	541
"Glucose,_2-amino-2-deoxy-_(1MEOX)_(5TMS)_MP_608643.12_TRUE"	3446	1973	2887	2466	2796	2447	2097	2723	3741	1602	4562	3050	1826	2406	2619	1243	2035	4557	2049	3324	1310
"Glucose,_2-amino-2-deoxy-_(4TMS)_BP_659366.94_PRED"	1474	62292	4917	1023	909	1491	467	970	84496	15596	8088	4482	53844	3008	1435	1098	110803	1641	1274	101803	571
"Glucose,_2-amino-2-deoxy-_(5TMS)_MP_600525.75_TRUE"	6871	3104	4610	4882	3964	5214	3560	4539	7836	2749	9166	4802	3912	4091	4116	1677	3353	6629	2946	5442	2392
"Glucose,_3-deoxy-,_D-_(1MEOX)_(4TMS)_589111.5_PRED"	22337	78374	65397	24310	52677	57161	25670	58001	77486	60660	113858	55979	39550	100959	40042	12791	80236	46647	32320	7985	27263
"Glucose,_3-O-methyl-_(1MEOX)_(4TMS)_613285.81_PRED"	1498	1322	1256	1258	2202	2730	352	1482	1089	1814	1725	1080	933	1985	1690	1290	1924	2279	1421	1368	1063
"Glucose,_3-O-methyl-_(1MEOX)_(4TMS)_618213.81_PRED"	25651	15956	18669	12982	28825	21133	7630	21708	23548	17214	23207	16769	11692	21036	24919	8586	26692	19723	22999	21263	6544
Glucose_(1MEOX)_(5TMS)_BP_599322.19_TRUE	1023	1016	2048	1725	1443	1810	264	1851	2505	1581	3645	1762	1419	1940	1663	837	1316	2062	1002	369	999
Glucose_(1MEOX)_(5TMS)_MP_591351.81_TRUE	8942	3409	6334	4776	4405	6185	100	8121	10813	3431	16558	7204	4337	6741	8476	2706	5832	7429	2577	9860	1721
Glucose-6-phosphate_(1MEOX)_(6TMS)_MP_775879.88_PRED	43590	185512	138996	49422	107144	118047	54686	119271	165485	125408	248219	118233	82520	255504	83601	26347	173447	95448	65985	15973	57648
Glucosyl	321	476	745	542	242	843	67	600	1774	2396	1424	420	353	386	259	173	1280	1812	469	2042	101
GlucuroNaNte (1MEOX;5TMS) [MP-1.1]	2394	1033	1586	1195	1256	1817	NaN	2088	2735	1020	4206	1861	1141	1849	2129	734	1494	1996	855	2333	491
Glucuronic_acid_(1MEOX)_(5TMS)_MP_619868.12_PRED	2906	1122	1120	1264	3526	5097	1999	2305	2373	2707	4625	1735	1623	3247	2293	1582	2433	2287	2705	984	857
"Glucuronic_acid-3,6-lactone_(1MEOX)_(3TMS)_MP_657311_TRUE"	8407	1886	1199	763	895	1493	610	1009	863	1026	3729	1250	674	416	1508	256	1980	2429	334	23573	977
Glutamate (3TMS) [MP-1.1]	8002	4119	5097	6782	8042	12496	597	7851	10475	7695	13993	5765	6340	10106	8901	4514	8352	10861	6058	4855	4321
Glutamic_acid_(2TMS)_477506.88_PRED	842	21619	20302	6754	21134	18217	3085	25608	25412	35098	2772	20943	15003	60117	32552	12850	39000	31264	58516	90	8732
Glutamic_acid_(3TMS)_509813.31_PRED	38245	20783	25210	32631	37575	61692	2871	40083	53491	38219	68660	27793	31234	52300	42807	23600	41394	52970	29608	NaN	22684
Glutamine [MP-1.1]	8398	3380	6540	4903	6564	9174	1220	6028	10513	6405	11365	6256	5551	7479	7300	3218	5730	7398	4980	10011	3073
"Glutamine,_DL-_(3TMS)_599684.19_PRED"	100194	53452	65811	80811	96344	149015	7095	100592	128337	96530	169421	69240	76431	126437	109024	57072	104302	130739	73242	99780	54797
"Glutamine,_N-acetyl-,_DL-_(3TMS)_655207.31_PRED"	4658	7029	6771	5732	9778	8390	718	7740	3845	9172	7559	7784	5130	9089	7856	5583	10349	9296	6534	6321	5167
"Glutamine,_N-acetyl-,_DL-_(4TMS)_633591_PRED"	3785	1286	2619	2139	1734	2313	46	3363	4413	1572	6672	3298	1725	3071	3477	1102	2397	3216	1030	4205	629
"Glutaric_acid,_2-hydroxy-_(3TMS)_488906.25_TRUE"	1719	1328	1325	947	2391	1730	684	1757	1617	1382	2027	1522	941	1423	2022	655	1513	1534	1223	1612	687
Glyceraldehyde_(1MEOX)_(2TMS)_MP_277992.03_PRED	1843	1309	1648	1622	2163	2089	1236	2185	1848	1587	2479	1731	1314	2028	2024	868	2305	2546	1466	633	993
Glyceraldehyde-3-phosphate_(1MEOX)_(3TMS)_BP_571519.81_TRUE	13289	12324	11123	12520	20642	25521	2895	13211	8218	17948	15918	9038	9103	20158	17558	12832	19642	20611	13602	15271	10462
Glyceraldehyde-3-phosphate_(1MEOX)_(3TMS)_MP_577300.12_TRUE	1379856	501491	968746	773529	641721	868181	9100	1246678	1723983	531182	2598669	1116517	635969	1106900	1313972	410752	865459	1156004	387947	1535545	250494
Glyceric_acid-3-phosphate_(4TMS)_606948.88_PRED	691833	268516	492408	394909	348638	471521	5216	640443	870573	287517	1314530	573689	336343	569283	677693	218780	468561	586564	212083	765830	135096
Glycerol ((3TMS)) [MP-1.1]	4736	4015	5911	3359	5022	3804	6490	4104	5231	2514	7366	3686	2952	4706	3697	1982	4050	3468	2491	3176	1671
Glycerol 3-P (|Glycerol 1-P) [MP-1.1]	3012	1722	1385	674	1389	1934	1736	1861	2224	1599	3704	2069	1582	917	1861	437	2281	2952	570	3418	845
Glycerol_(3TMS)_292962.19_PRED	6209	3914	5024	4305	5145	8161	3898	5180	5331	5546	7233	3758	3242	6653	5507	2978	6644	5850	5275	6156	3997
Glycerol-2-phosphate_(4TMS)_556161.06_TRUE	14301	9575	11958	10592	13814	19412	8072	12027	14096	14993	20265	9657	7601	16392	13320	7617	16276	14803	13066	16516	10461
Glycerol-3-phosphate_(4TMS)_574746.69_TRUE	5341	6077	5729	5177	5925	6125	NaN	5461	6612	5474	5526	5876	6863	5537	5736	6788	5928	6060	5673	5937	6484
Glycerophosphoglycerol_(5TMS)_761775.38_PRED	1384	974	1207	947	780	1014	219	966	4011	1756	2973	1298	1539	1304	1004	519	2293	1360	562	4903	434
Glycine (2TMS) [MP-2.1]	9440	5216	3715	1639	2953	5668	7136	4368	4419	5381	9945	4966	2671	1573	6358	1250	8327	8801	1482	8444	5572
Glycine (3TMS) [MP-1.1]	13347	8683	9113	7859	13512	9859	8064	8762	8391	13329	12014	6888	6046	15994	11260	5347	15443	15437	7175	13488	2470
"Glycine,_N-acetyl-_(1TMS)_334790.31_PRED"	623	1106	2076	490	913	4087	92	1931	7949	4259	9968	2072	1763	5235	606	1041	1343	1592	743	187	198
Glycine_(2TMS)_226792.3_TRUE	2323	1971	2531	2142	3316	3405	62	3614	3856	2953	5902	2425	2647	2893	3244	1848	3333	4684	2632	2100	1871
Glycine_(3TMS)_326251.06_TRUE	4811	3210	3340	2858	5203	3764	3146	3247	3210	4568	4303	2565	2238	5911	4167	1917	5807	5650	2752	5065	887
Glycylglycine_(3TMS)_628479.25_TRUE	3266	2777	1829	6143	12314	16549	1222	3083	3386	10076	2913	NaN	3053	6474	4758	4038	6691	7081	6967	3611	5220
Glycylglycine_(4TMS)_591933.56_TRUE	222	189	229	283	296	277	2647	221	303	335	428	184	165	280	180	262	348	295	750	551	316
Guanosine_(5TMS)_960132.88_TRUE	298	250	325	656	373	265	11513	165	NaN	977	324	134	130	432	283	1142	468	385	2008	1100	1032
Guanosine-5-monophosphate_(6TMS)_1065235.12_TRUE	2214	118425	8897	1771	1286	2724	550	1758	164193	29036	15008	8087	104840	5787	2638	1851	219366	2851	2276	197126	852
Gulose_(1MEOX)_(5TMS)_BP_593076.44_TRUE	29912	73926	18202	10031	15344	13655	4828	15619	99996	31729	34481	19271	64556	13528	17728	7004	135327	17989	11298	146856	7599
Gulose_(1MEOX)_(5TMS)_MP_584150.19_TRUE	3797	2565	3031	2312	3078	3130	2297	3043	4146	3000	3687	3183	2839	2317	3282	NaN	3811	3207	1699	7061	1262
"Heptacosanoic_acid,_n-_(1TMS)_1053682.38_PRED"	1186	461	480	674	984	925	508	739	678	647	1166	615	788	872	672	515	999	1046	760	1224	337
"Heptanoic_acid,_n-_(1TMS)_255612.95_PRED"	NaN	500	800	789	655	788	NaN	810	1297	437	1697	896	611	669	741	NaN	532	1184	437	887	411
"Hexacosane,_n-_908082.69_PRED"	1462	1855	1797	2226	1869	2040	369	3371	4851	2559	3745	1756	2957	4197	2894	1864	2520	3021	2505	1571	2713
Hexadecanoate (1TMS) [MP-1.1]	674	592	1055	720	921	1005	96	660	1567	993	1764	949	764	1512	789	394	1225	1463	879	93	236
"Hexadecanoate|Hexadecenoate, 9Z- (1TMS) [MP-1.1]"	3800	2402	2802	2356	3466	6824	948	3152	6289	3947	4975	2498	2163	4284	3117	2215	3460	4275	3156	4403	2413
Hexadecanoic_acid_(1TMS)_697328.75_TRUE	7823	3310	6160	4595	5637	8357	1230	6207	9776	6161	10801	6122	5533	7123	6741	2962	5461	6782	4490	9569	3069
"Hexadecenoate, 9Z- (1TMS) [MP-1.1]"	1711	580	610	885	1488	1311	623	976	866	895	1704	828	1018	1191	818	642	1391	1497	917	1726	390
"Hexadecenoic_acid,_9-(Z)-_(1TMS)_696619.5_TRUE"	2845	2661	2330	2742	4328	5692	646	3028	1950	3878	3338	2041	1981	4382	3714	2647	4080	4316	2921	3006	2147
"Hexadecenoic_acid,_n-_(1TMS)_703311.62_PRED"	14400	8443	11007	10980	14128	10910	6458	10706	8117	7716	19210	7236	5159	14195	13855	6846	15019	16561	8841	19028	4598
"Hexadecenoic_acid_methyl_ester,_9-(Z)-,_n-_652277.12_PRED"	795	1879	1680	1446	5734	4026	467	3929	1721	4356	4893	2919	1843	4659	3217	2593	3535	4734	3182	207	559
"Hexanoic_acid,_2-ethyl-_(1TMS)_254181.88_PRED"	1145	333	1389	1136	796	1000	1684	1113	1338	574	2071	1079	608	1232	806	518	976	1276	782	1661	674
Hippuric_acid_(1TMS)_692751.69_TRUE	17427	9906	12530	10134	14520	17324	238	16694	19830	11375	31805	15811	9617	14845	18019	6737	16646	14973	8372	17821	4880
Histamine_(3TMS)_653726.19_TRUE	42269	32179	33346	45784	61646	61541	20164	51668	26803	41066	54179	46751	38484	44749	51213	28926	50319	53230	41522	37220	30431
Histidine (3TMS) [MP-1.1]	NaN	719	586	330	1218	833	NaN	931	969	1187	245	837	567	1727	1461	466	1393	1142	1600	1413	NaN
Histidine (4TMS) [MP-3.1]	20997	17694	14641	10663	31910	20967	5327	19804	25639	19629	20407	14393	11994	18161	26765	9034	23172	17539	30792	14645	5738
Histidine_(3TMS)_678782.75_TRUE	1069	685	554	1370	1556	2545	56	1492	1863	1171	1689	331	1144	2039	2154	799	1223	1919	1216	1116	1091
Homocysteine_(2TMS)_506276.72_PRED	1513	1161	1398	1370	1552	NaN	1022	1757	1442	1314	2115	1584	1031	1635	1657	762	1946	1958	1228	574	784
Homoserine_(2TMS)_380616.94_PRED	2819	1000	854	415	750	1548	4320	1120	1298	2013	2804	1047	600	450	1457	599	2205	2420	934	3947	2641
Homoserine_(4TMS)_510930.09_TRUE	1098	949	1444	972	2316	2852	380	1947	2160	2708	1754	1488	1182	2581	1541	1539	1645	1533	3142	728	1266
Homoserine_lactone_(2TMS)_458933.88_PRED	3360	3886	3946	3527	3980	3718	NaN	3437	4213	3691	3447	3776	4545	3668	3616	4432	3708	4322	3774	3770	4314
Hypotaurine_(3TMS)_509415.53_TRUE	1469	1128	1354	1087	837	1401	267	1162	4898	1845	3366	1662	1899	1675	1281	631	2653	1511	665	5544	538
Hypoxanthine_(2TMS)_659841.12_TRUE	433664	346818	385875	592666	666363	720211	238834	594841	269516	456947	560989	500700	458401	536497	581972	374164	574415	612808	505803	405289	433562
Idose_(1MEOX)_(5TMS)_BP_601382.12_PRED	131099	279845	542948	111275	218099	1097684	11242	504196	2500846	1128588	2915257	462625	429448	1511647	144920	265703	324673	404290	192877	NaN	44088
Idose_(1MEOX)_(5TMS)_MP_590632.88_TRUE	1340	2789	3089	3919	3119	1745	188	6344	9059	4081	6387	2870	6032	7644	4489	3455	4637	5239	4412	1161	5014
Indole-3-acetaldehyde_(1MEOX)_(1TMS)_BP_657093_PRED	2359	867	1667	1246	1506	2369	343	1764	2702	1669	2684	1624	1520	1933	1778	855	1461	1758	1253	2724	838
"Indole-3-acetic_acid,_1H-_(1TMS)_668169.31_PRED"	724	105	202	930	552	3763	244	269	556	250	408	259	623	729	250	346	NaN	265	149	NaN	510
"Indole-3-butanoic_acid,_1H-_(1TMS)_755498.5_PRED"	3501	2751	3113	3154	4078	5530	2260	3204	3506	4750	4710	3291	2479	4517	3551	2580	4437	4125	3640	3669	2854
"Indole-3-ethanol,_1H-_(2TMS)_652683.19_PRED"	4041	2748	3713	2783	2141	3302	711	2797	10898	4702	8314	4321	4219	4182	3161	1671	6560	3834	1675	12096	1284
Inosine_(4TMS)_904803.88_TRUE	2589	858	1777	1264	1329	1697	40	2177	3281	847	5053	1971	1197	1834	2380	716	1439	2018	638	2846	538
"Inositol, myo- (6TMS) [MP-1.1]"	1084	536	796	659	933	1140	394	873	1210	877	2055	718	734	1190	1035	397	811	886	536	915	347
"Inositol,_myo-_(6TMS)_654785.31_TRUE"	19008	9942	13750	11326	14568	23744	7619	12599	19419	14725	23129	10553	9890	17450	12697	9097	16591	16974	12373	22232	10836
"Isobutanoic_acid,_2-amino-_(2TMS)_228564.16_TRUE"	2632	1695	2195	1664	2490	3792	454	2469	2820	2206	3938	2913	2207	2621	2369	1359	2093	2474	1760	2482	1631
Isocitrate (4TMS) [MP-1.1]	4012	3337	1855	735	1754	2720	476	2403	1964	1963	7442	1521	1622	1491	2705	420	3607	4974	463	1358	1386
Isocitric_acid_(4TMS)_597989.19_TRUE	24270	50293	91205	20095	40504	183098	2064	88460	361048	184260	439015	82968	74280	234379	26625	45905	58391	72324	34704	11087	7804
Isoleucine (2TMS) [MP-1.1]	3882	2500	3153	2749	3712	5202	2114	3405	3890	3926	5367	2622	1966	4594	3604	1942	4145	3808	3624	4183	2706
Isoleucine_(2TMS)_318827.91_TRUE	2716	2225	2916	2011	1724	2391	561	2243	9385	3482	6421	3423	3442	3068	2488	1336	5017	2834	1255	10790	1087
Leucine (2TMS) [MP-1.1]	2499	2870	3782	3287	1820	2174	2531	3131	3250	1054	4416	2559	886	2398	2749	499	2145	3235	2345	NaN	1632
Leucine_(2TMS)_306195.44_TRUE	176111	99071	125516	151538	183597	276211	NaN	191279	244528	175422	311374	127989	140717	242378	199490	110191	190123	242120	138564	NaN	103410
"Levulinic_acid,_5-amino-_(1MEOX)_(3TMS)_BP_591715.44_TRUE"	61201	34498	43048	54150	64388	98436	4642	66735	85902	63692	110494	44691	50089	85808	72675	38861	67720	85278	49857	36389	37378
"Levulinic_acid,_5-amino-_(1MEOX)_(3TMS)_MP_574704.06_TRUE"	3797	2565	3031	2312	3078	3130	2297	3043	4146	3000	4660	3183	2839	2317	3282	1199	3811	3207	1901	7061	1262
Lysine (3TMS) [MP-1.1]	4296	2857	1423	2234	5232	3282	548	2286	3325	3455	2907	1663	2847	4802	3425	2093	3555	4638	1795	3767	1273
Lysine_(4TMS)_616386.69_TRUE	2299	1321	1693	1036	1423	2163	2912	1526	2108	2067	2594	1615	1344	2201	1824	955	1853	2142	1504	2038	1070
Lyxose_(1MEOX)_(4TMS)_MP_498323.69_TRUE	24220	16806	23367	17411	14790	20638	4425	19264	66873	28823	51041	25137	26599	25233	19573	10394	40641	23496	10365	76975	8508
Malate (3TMS) [MP-1.1]	1689	1746	1509	1275	3849	2791	678	1487	1243	3436	1757	1421	912	2505	2036	1760	3931	2993	2099	2693	1133
"Maleimide,_N-ethyl-_235945.08_PRED"	28348	8926	20435	16171	15651	17702	14968	22616	18572	9960	36512	21603	13408	11646	16480	6618	17399	23292	8334	17771	10088
"Malic_acid,_3-isopropyl-,_threo-_(3TMS)_475906.09_TRUE"	530	649	556	743	635	720	116	1022	1606	791	1213	558	976	1314	851	629	871	1037	799	515	801
Malic_acid_(3TMS)_442513.44_TRUE	20721	11041	13312	17116	21239	32534	1468	21164	27658	20281	36030	15283	16654	26325	22373	12256	21980	27074	15443	10979	11369
Malonic_acid_(2TMS)_300994.53_PRED	1667	773	1047	729	796	1231	397	881	1029	714	1739	798	827	939	706	674	962	1373	700	3373	489
Maltose_(1MEOX)_(8TMS)_BP_880335.56_TRUE	1617	685	885	667	631	1153	363	856	842	656	1441	714	693	819	648	604	930	1169	642	3006	434
Maltose_(1MEOX)_(8TMS)_MP_871061_TRUE	681	336	463	560	575	699	1114	532	734	507	526	392	440	677	525	290	639	812	576	371	263
Mannitol_(6TMS)_583180.75_TRUE	13164	9246	11711	9381	12006	18951	4865	10142	14204	11842	17171	9207	7267	13732	10182	6959	13251	12928	10158	18996	7868
Mannitol|Sorbitol (6TMS) [MP-1.1]	1085	423	889	724	889	1125	187	854	1308	876	1306	844	740	919	891	403	759	967	647	1361	398
"Mannopyranoside,_1-O-methyl-,_alpha-_(4TMS)_559825.75_TRUE"	10722	5044	8910	8636	5580	7975	1776	7507	6880	4285	9825	5416	5094	4839	6859	3148	7603	8349	2653	6105	7678
Mannose_(1MEOX)_(5TMS)_BP_587272.38_PRED	8089	7241	12538	9426	11987	14461	929	8373	20599	13703	23413	11306	9828	19858	10597	5106	17600	20266	10895	534	3533
Mannose_(1MEOX)_(5TMS)_MP_587842.81_TRUE	6749	4900	5301	7251	9173	9832	3178	8338	3987	6330	8238	7360	6197	7406	7654	4622	7857	8590	6490	6184	4904
Mannose-1-phosphate_(6TMS)_785522.56_PRED	946	29396	2306	618	583	862	212	605	39489	7306	4170	2389	25699	1713	776	593	51754	1031	793	46957	323
Melezitose_(11TMS)_1053876.5_TRUE	775	683	784	663	1171	613	375	568	582	809	676	617	575	706	891	261	1101	744	766	1011	350
Methionine (2TMS) [MP-1.1]	465	324	241	563	873	1233	73	653	867	562	792	117	516	895	1035	352	524	861	449	562	428
Methionine_(1TMS)_416320.09_PRED	17573	9780	12277	15456	18925	29371	1207	19390	26081	18589	32364	13353	15241	25395	20864	11680	19377	25093	14501	7834	11052
Methionine_(2TMS)_474948.12_TRUE	601	549	481	666	1121	959	315	749	682	622	1045	709	652	709	808	454	902	896	607	NaN	510
"Mevalonic_acid-1,5-lactone_(1TMS)_454636.47_TRUE"	1315	704	831	556	1327	1202	2451	610	1322	1032	1631	789	713	817	650	440	1374	1288	699	1679	265
myo-Inositol-1-phosphate_(7TMS)_788938.62_PRED	410	519	9356	61498	18618	NaN	122	8945	40695	5505	2148	4883	9832	178618	3188	36607	615	651	73532	4052	894
NicotiaNaNmine_(4TMS)_902113.62_PRED	109	75	250	1144	347	102	NaN	169	664	132	233	130	241	5621	170	653	116	112	3002	214	32
NicotiNaNmide (1TMS) [MP-1.1]	23534	42815	32288	21601	36341	26854	10542	34069	65506	42646	49357	33215	40100	27185	33764	14770	92362	32267	26626	70650	15543
NicotiNaNmide (2TMS) [MP-2.1]	559	368	398	390	1915	932	40	703	1275	700	1428	510	444	962	NaN	731	1507	1547	613	1562	378
NicotiNaNmide_(1TMS)_515482.47_TRUE	18065	9913	13299	13990	9175	18580	8821	13168	14210	13913	14154	15645	13584	12308	11842	5613	11085	13962	10124	8236	8986
NicotiNaNmide_(2TMS)_455050_TRUE	156889	89073	124725	124660	80982	164481	79094	117696	131520	120573	123420	134726	121458	109873	107785	49589	99978	123278	88922	79888	83438
"NoNaNcosane,_n-_992849.81_PRED"	519	392	365	351	579	634	1559	401	821	307	704	563	426	397	407	198	388	406	1212	492	290
NoNaNdecane_653263.69_PRED	687	589	440	1141	2441	3510	334	757	721	2146	844	545	720	1300	974	818	1410	1499	1369	687	1046
"NoNaNn-1-ol,_n-_(1TMS)_336924.19_PRED"	19871	11279	13637	16933	19517	31725	1516	20603	27049	19737	34734	14419	16472	27033	21862	12030	21453	27066	14833	11704	11416
NoNaNnoate ((1TMS)) [MP-1.1]	86344	101978	98729	90214	98574	100156	NaN	92921	115278	92772	89977	99511	114140	94847	97555	107998	98303	105480	98109	105085	106980
Octacosanoic_acid_methyl_ester_(FAME_MIX)_1058865.62_PRED	10693	7539	10068	7661	6328	9026	1878	8029	27900	12322	22959	11196	11198	10907	8671	4467	18015	10499	4482	31464	3524
"Octadecadienoic_acid,_9,12-(Z,Z)-_(1TMS)_775215.19_PRED"	8601	5230	7004	5668	7338	10927	3084	6824	8687	7756	10811	5891	5065	8938	6353	4268	7393	8204	6017	11215	4628
"Octadecadienoic_acid,_n-_(1TMS)_793033.19_PRED"	15718	4864	11043	8835	8135	9575	8503	12095	9886	5258	20232	11731	7408	6528	9480	3536	9513	12716	4551	9695	5384
"Octadecan-1-ol,_n-_(1TMS)_754094.19_PRED"	75123	87757	85243	78687	83141	86424	NaN	79988	96262	80698	77099	86334	100236	80990	83999	95294	83520	91625	83234	87661	93958
Octadecanoic_acid_(1TMS)_770496.62_PRED	10952	7997	8217	12348	15719	15903	5205	12892	6312	10408	13592	11704	10223	11584	13151	7566	12855	13701	10657	8992	8023
"Octadecatrienoic_acid,_6,9,12-(Z,Z,Z)-,_n-_(1TMS)_768264.69_PRED"	12716	10265	6091	19742	23692	36427	118	19499	25242	16598	22743	2217	15991	32104	29335	12089	18225	27216	16524	14819	15192
"Octadecenoic_acid,_9-(E)-_(1TMS)_771147.94_TRUE"	7633	4912	5649	5839	6953	11340	2949	7260	7882	7626	9374	5587	4468	8329	6089	5112	7280	6745	6316	7065	4976
"Octadecenoic_acid,_9-(Z)-_(1TMS)_769944.38_TRUE"	289406	103134	199175	160597	130020	178037	1821	256458	357294	107688	543878	232401	132719	230685	272561	85005	178331	240049	79033	316977	51457
Ornithine (4TMS) [MP-1.1]	11195	9462	12795	9992	16324	15838	277	17221	17871	14692	27812	11713	12556	13278	14821	8926	15829	22720	12633	9605	9050
Ornithine_(3TMS)_(Derivate_not_found)_492548.84_PRED	4772	3850	4156	4180	6264	5708	167	5886	4760	5993	7344	5731	3812	7609	6469	3237	6787	6761	4645	6362	3323
Ornithine_(3TMS)_587245.62_PRED	1249	790	1187	1024	1583	1633	143	1326	992	1454	2398	1115	906	1565	1295	894	1303	1657	913	927	1078
Ornithine_(4TMS)_572079.81_PRED	5114	1591	6622	5403	3679	4054	6195	4873	8595	2605	10464	5444	3117	5348	3488	2413	4964	5594	3417	9282	2916
Orotic_acid_(3TMS)_587220.69_TRUE	1353	1218	771	2527	4631	6374	611	1322	1500	4080	1145	792	1153	2541	1900	1648	2627	3191	2686	NaN	2196
Orthophosphate	13963	27868	51097	11286	22301	102461	1131	49241	203306	101633	247315	46763	41267	129085	14783	25364	32568	40929	19579	6254	4216
Oxalic_acid_(2TMS)_236929.91_PRED	10332	12485	24948	22140	18896	20986	1908	25662	30037	12197	44602	24754	16124	25567	18740	10907	12939	19429	11672	NaN	8886
Oxaloacetate_(1MEOX)_(2TMS)_MP_473005.72_TRUE	11949	8705	11300	9226	11731	17461	8830	10762	12208	14253	16432	8556	7425	14468	11539	6811	13947	12403	11663	12427	9257
"Pentadecane,_n-_462471.41_PRED"	11568	3724	7709	5644	5881	8969	NaN	10749	14979	5776	22220	10392	6827	8177	11705	3016	7846	10391	2748	12640	2885
"Pentadecanoic_acid_methyl_ester,_n-_620606.38_PRED"	597	370	604	375	548	756	124	656	971	4104	1985	554	455	536	689	269	NaN	743	711	1192	NaN
Phenylalanine (2TMS) [MP-1.1]	1040	582	977	910	782	910	190	758	694	307	1071	612	588	567	905	291	861	883	257	752	745
Phenylalanine_(2TMS)_531431_TRUE																					
Phenylpyruvic_acid_(2TMS)_575884_TRUE																					
Phosphoric_acid_(3TMS)_333095_TRUE																					
"Pimelic_acid,_2,6-diamino-_(4TMS)_654293.81_TRUE"																					
Pipecolate [MP-1.1]																					
Proline [MP-1.1]																					
"Proline, trans-4-Hydroxy- (3TMS) [MP-1.1]"																					
"Proline,_4-hydroxy-,_trans-_(3TMS)_450628.06_PRED"																					
"Propane,_1,3-diamino-_(4TMS)_478361.56_TRUE"																					
"Propane-1,2-diol,_3-amino_(4TMS)_437787.28_TRUE"																					
"Propane-1,3-diol,_2-amino-2-methyl-_(2TMS)_245096.62_TRUE"																					
"Propane-1,3-diol,_2-amino-2-methyl-_(3TMS)_305353.78_TRUE"																					
Psicose_(1MEOX)_(5TMS)_BP_573563.38_TRUE																					
Psicose_(1MEOX)_(5TMS)_MP_579668.94_TRUE																					
Putrescine (3TMS) [MP-1.1]																					
Putrescine_(4TMS)_519185.38_PRED																					
"Pyridine, 2-Hydroxy- (1TMS) [MP-1.1]"																					
"Pyridine,_2-hydroxy-_(1TMS)_208781.09_PRED"																					
Pyroglutamate (2TMS) [MP-1.1]																					
Pyroglutamic_acid_(2TMS)_507313.84_TRUE																					
Pyrophosphate [MP-1.1]																					
Pyruvate (1MEOX;1TMS) [MP-1.1]																					
Pyruvic_acid_(1MEOX)_(1TMS)_222801.88_TRUE																					
Pyruvic_acid_(2TMS)_209817.64_TRUE																					
Rhamnose_(1MEOX)_(4TMS)_BP_570616.31_PRED																					
Rhamnose_(1MEOX)_(4TMS)_MP_517543.41_PRED																					
Ribitol_(5TMS)_503667.69_PRED																					
"Ribonic_acid-1,4-lactone_(3TMS)_550463.56_TRUE"																					
"Ribose,_2-deoxy-_(1MEOX)_(3TMS)_MP_471518.25_TRUE"																					
Ribose_(1MEOX)_(4TMS)_BP_501489.22_TRUE																					
Ribose_(1MEOX)_(4TMS)_MP_503578.66_TRUE																					
Ribose-5-phosphate_(1_MEOX)_(5TMS)_BP_707635.88_TRUE																					
Ribose-5-phosphate_(1_MEOX)_(5TMS)_MP_705185.88_TRUE																					
Ribulose-5-phosphate_(1MEOX)_(5TMS)_BP_708146.5_TRUE																					
Sarcosine_(2TMS)_233204.59_TRUE																					
"Sedoheptulose,_2,7-anhydro-,_beta-_(4TMS)_647067.94_TRUE"																					
Serine (3TMS) [MP-1.1]																					
Serine (4TMS)																					
"Serine,_N-acetyl-_(2TMS)_491357.06_PRED"																					
"Serine,_O-acetyl-_(2TMS)_410213.62_TRUE"																					
Serine_(2TMS)_328955.09_PRED																					
Serine_(3TMS)_356866_TRUE																					
Serine_(4TMS)_459464.91_TRUE																					
Shikimic_acid_(4TMS)_586124.94_TRUE																					
Siloxane_739483_PRED																					
Siloxane_740730.81_PRED																					
Siloxane_792031.56_PRED																					
similar_to_Asparagine_Derivate_505075.09_PRED																					
similar_to_Diethanolamine_(2TMS)_335362.44_PRED																					
similar_to_Fructose_Derivate_604774.88_PRED																					
similar_to_Fructose_Derivate_608269.19_PRED																					
similar_to_NaN_(Hexopyranose_like)_623755.44_PRED																					
similar_to_NaN_(Inositol_like)_672310.12_PRED																					
"Sorbitol, U13C-"																					
Sorbitol_(6TMS)_588470.44_TRUE																					
Sorbose_(1MEOX)_(5TMS)_BP_583432.25_TRUE																					
Sorbose_(1MEOX)_(5TMS)_MP_587087.44_TRUE																					
Stearate [MP-1.1]																					
Suberic_acid_(2TMS)_562932.12_PRED																					
SucciNaNte (2TMS) [MP-1.1]																					
Succinic_acid_(2TMS)_365265.25_TRUE																					
Sucrose (8TMS) [MP-1.1]																					
Sulfuric_acid_(2TMS)_298087.62_TRUE																					
Tagatose_(1MEOX)_(5TMS)_BP_571408.44_TRUE																					
Tagatose_(1MEOX)_(5TMS)_MP_583026.38_TRUE																					
Talose_(1MEOX)_(5TMS)_BP_594142.75_PRED																					
Talose_(1MEOX)_(5TMS)_MP_588512.5_PRED																					
Tartaric_acid_(4TMS)_511834.44_TRUE																					
"Tetradecan-1-ol,_n-_(1TMS)_592555.94_PRED"																					
"Tetradecenoic_acid_methyl_ester,_9-(Z)-,_n-_572839.69_PRED"																					
ThreoNaNte (4TMS) [MP-1.1]																					
Threonic_acid_(4TMS)_458765.47_TRUE																					
Threonine (3TMS) [MP-1.1]																					
"Threonine,_allo-_(3TMS)_370722.56_PRED"																					
Threonine_(3TMS)_370274.69_PRED																					
Triacontanoic_acid_methyl_ester_(FAME_MIX)_1116102.38_PRED																					
"Tridecan-1-ol,_n-_(1TMS)_547762.06_PRED"																					
Tridecanoic_acid_586610.62_PRED																					
Tropine_(1TMS)_336960.03_PRED																					
Tryptophan (3TMS) [MP-1.1]																					
Tryptophan_(2TMS)_789997.94_PRED																					
Tryptophan_(3TMS)_791196.94_TRUE																					
Tyramine																					
Tyramine_(3TMS)_638562.12_TRUE																					
Tyrosine (3TMS) [MP-1.1]																					
Tyrosine_(3TMS)_659029.31_TRUE																					
Undecanoic_acid_(1TMS)_480425.62_TRUE																					
Uracil (2TMS) [MP-1.1]																					
Uracil_(2TMS)_392037.44_TRUE																					
Uridine_(4TMS)_863220.75_TRUE																					
Uridine_5'-monophosphate_(5TMS)_995880.69_TRUE																					
"Valeric_acid,_2-oxo-_(1MEOX)_(1TMS)_MP_297802.97_TRUE"																					
"Valeric_acid,_3-hydroxy-3-methyl-_(1TMS)_235895.11_PRED"																					
"Valeric_acid,_5-amino-_(3TMS)_500550.56_TRUE"																					
Valine (2TMS) [MP-1.1]																					
Valine_(2TMS)_272492.56_PRED																					
Viburnitol_(5TMS)_635711.5_PRED																					
Xylitol (5TMS) [MP-1.1]																					
Xylitol_(5TMS)_501235.88_TRUE																					
Xylose (1MEOX;4TMS) [MP-1.1]																					
Xylose (1MEOX;4TMS) [MP-1.2]																					
Xylose_(1MEOX)_(4TMS)_BP_500236.69_PRED																					
Xylose_(1MEOX)_(4TMS)_MP_495770.88_PRED																					
Xylulose_(1MEOX)_(4TMS)_MP_509094.19_TRUE																					
