putative Compound	hum_101_5 _liv	hum_102_5 _liv	hum_103_5 _liv	hum_104_5 _liv	hum_106_5 _liv	hum_121_5 _liv	hum_141_5 _liv	hum_153_5 _liv	hum_98_5 _liv	Wt_132_5 _liv	Wt_133_5 _liv	Wt_134_5 _liv	Wt_135_5 _liv	Wt_142_5 _liv	Wt_147_5 _liv	Wt_148_5 _liv	Wt_152_5 _liv	Wt_91_5 _liv	Wt_wt5_5 _liv
2-Piperidinecarboxylic_acid_(2TMS)_375026.84_TRUE	7875	6546	4754	4100	6359	6557	4473	2912	7181	5992	4454	5487	4779	7027	4833	5284	3713	611	4684
4-Hydroxyphenyl-beta-glucopyranoside_(5TMS)_872154.19_TRUE	40705	16203	7385	7792	12866	5429	5118	42682	10095	6636	8594	4844	23525	17448	20702	19044	47903	49652	91168
Abietic_acid_(1TMS)_882153.31_TRUE	1909	702	500	261	454	223	235	1438	585	218	298	175	951	578	701	584	1348	2423	2807
"Aconitic_acid,_cis-_(3TMS)_581908.81_TRUE"	893	1421	1081	852	851	975	663	1396	1026	910	655	847	691	1178	964	921	788	1120	672
"Aconitic_acid,_trans-_(3TMS)_600462.25_PRED"	18365	33301	26898	33210	23501	36401	37532	34613	20446	35589	38699	40019	24179	36502	36309	24453	38852	48332	33947
Adenine (2TMS) [MP-1.1]	3102	2057	2373	2219	9836	1996	2141	1642	3163	1897	1813	1420	1815	1595	1947	1812	1562	37	2280
Adenine_(1TMS)_586048_PRED	102819	115829	116565	121501	109134	123909	123982	120317	105001	124669	126514	132922	112856	123031	129354	120619	124176	125484	107619
Adenosine	51457	58133	81568	45279	47832	47756	56339	41599	106484	31146	33972	31704	40267	45206	41657	37797	30894	250	47054
Adenosine_(3TMS)_(Derivate_not_found)_910194.25_PRED	362	512	432	542	1064	575	624	302	419	432	642	1016	400	487	458	459	372	23	394
"Adipo-2,6-lactam (2TMS)"	1866	 NA	1861	 NA	1867	1576	1932	1319	2095	1753	1247	1094	1839	1437	1383	2076	1251	140	2214
"Adipo-2,6-lactam_(2TMS)_492238.44_PRED"	4880	2984	3510	5105	4334	4015	5078	2682	3875	5651	6610	4520	3254	3931	2943	2721	4050	35	4245
Agmatine [MP-1.2]	66298	198968	204553	175848	248630	212954	287536	187418	229787	238464	243784	246900	156485	255682	168521	231106	183244	53	221505
Agmatine_[-NH3]_(3TMS)_578698.75_PRED	21260	61	68	59	70	69	62	80	915	67	42	51	130	36	31	137	22	62	46
"Alanine, 3-Cyano- [MP-1.1]"	2122	 NA	564	457	445	576	761	238	1855	412	314	251	1129	395	352	372	311	 NA	525
"Alanine, 3-cyano-_(2TMS)_390334.66_PRED"	 NA	17881	19344	20596	23423	20150	17430	15276	 NA	19426	18280	19781	25877	19009	18941	19940	14906	121	20695
"Alanine,_beta-_(1TMS)_139670.61_PRED"	2122	 NA	564	457	445	576	761	238	1855	412	314	251	1129	395	352	372	311	 NA	525
"Alanine,_beta-_(2TMS)_273369.53_TRUE"	6158	2471	1182	1216	2086	1004	889	6560	1692	1043	1361	837	3699	2717	3109	3079	7296	7517	13556
"Alanine,_N-(3-indolylacetyl)-_(2TMS)_873812.38_PRED"	10785	7550	8828	8334	13620	7776	6836	6765	12816	6982	8031	8140	5496	6506	6209	7420	8090	66	7817
Alanine_(2TMS)_207563.2_TRUE	585	3625	3109	3021	2480	2616	3394	2263	2299	3884	2993	4556	3018	2798	3219	4015	2747	29	2128
Allantoate	159	1185	1062	921	940	925	971	716	654	1274	1000	1466	883	935	1047	1183	859	46	716
Allantoin (5TMS)	943348	1006066	1042292	1040836	973945	1081864	1105671	1040624	953893	1097842	1106128	1152895	976415	1092056	1130621	1032519	1109617	1084971	941438
Allantoin_(3TMS)_721904.69_PRED	6358	11927	8870	7343	6279	7383	4808	11180	7906	6536	4855	7000	5407	9822	8787	6789	6692	9396	5244
Allantoin_(4TMS)_643191.62_PRED	641	826	886	684	644	572	629	649	824	589	676	485	539	626	679	571	594	296	786
Altrose_(1MEOX)_(5TMS)_MP_590452.62_PRED	4613	4794	3322	2952	3101	2828	1750	6665	3989	2569	1788	2422	1850	3389	4750	4320	4611	9291	2878
"Androst-5-en-17-one,_3beta-hydroxy-_(1MEOX)_(1TMS)_MP_961645.19_TRUE"	1754	1775	1263	1072	1216	1082	725	2298	1429	865	758	926	762	1271	1804	1470	1737	3146	1074
Anthranilic_acid_(2TMS)_539191.25_TRUE	1241	1538	1254	2700	4666	1271	510	2235	387	1674	3774	4745	325	932	1378	2089	1587	59	1201
Apigenin_(3TMS)_1064204.12_PRED	274	581	729	619	675	657	523	573	163	475	 NA	628	524	588	600	799	587	2503	524
Arabinonic_acid_(5TMS)_546660.38_TRUE	88	363	212	579	576	1103	579	220	137	723	564	650	230	922	532	330	383	80	941
"Arabinonic_acid-1,4-lactone_(3TMS)_526082.88_TRUE"	370	10924	12269	12086	15845	12372	12568	10737	3009	13551	9962	9210	5894	13068	8144	9221	9940	1509	22910
Arabinose_(1MEOX)_(4TMS)_MP_498992.12_TRUE	70331	218810	207527	187157	166297	143208	163464	115969	202707	172392	106605	82123	120538	122738	141177	142959	131430	119	222168
Arabitol_(5TMS)_503104.56_PRED	 NA	2481	3329	2481	2750	1790	1906	4624	2238	1634	3187	1630	1949	1714	1893	1886	1210	83	2707
Ascorbate (4TMS) [MP-1.1]	21956	70294	64293	59619	51589	45275	50653	36820	62765	55096	33159	25782	38409	38063	44506	45826	42535	43	70762
Asparagine_(2TMS)_514323.59_PRED	17223	14013	11639	11823	15935	15174	15735	9411	18147	18049	16018	14811	14715	13600	9611	11285	9843	52	18778
Asparagine_(4TMS)_BP2_626664.06_TRUE	4584	3535	3304	3076	4344	3692	3913	2508	4875	4607	3951	3683	4253	3444	2598	2878	2407	145	4764
Asparagine_(4TMS)_MP_465949.62_TRUE	16146	13161	11532	11471	15945	14702	14847	9619	16393	18753	15810	14035	13874	13376	9497	11076	9561	54	18427
Asparagine_[+CO2]_(4TMS)_671069.25_TRUE	3661	3721	4386	3866	7534	3984	5457	4038	4384	4323	5372	4577	3192	4714	4401	3347	5002	 NA	4484
"Aspartic_acid,_N-(3-indolylacetyl)-_(3TMS)_1019937.94_TRUE"	1755	531	697	1349	1036	719	473	723	1239	639	703	500	929	573	538	846	396	515	1209
"Aspartic_acid,_N-(3-indolylacetyl)-_[-H2O]_(3TMS)_986080.81_TRUE"	448	375	308	424	805	282	310	1929	558	324	181	283	310	734	655	976	1602	654	1641
Aspartic_acid_(3TMS)_458039.69_TRUE	2147	1809	1871	2047	2342	2067	2122	1047	2305	3723	1717	1926	2290	1569	1341	1443	1346	4918	1844
"Benzene-1,2,3-triol_(3TMS)_481852.34_PRED"	18490	5742	2946	2609	4589	1838	2247	13581	4577	2163	2759	1525	9204	5890	7254	5428	13832	25306	30397
Benzoate (1TMS) [MP-1.1]	141857	68496	71506	69220	84104	67550	70097	69780	126107	67661	41542	52678	54008	76888	55874	64127	60350	186	66969
"Benzoic_acid,_(1TMS)_349981.84_PRED"	66362	31372	34899	32126	40289	32532	34076	32532	63995	31015	20190	24128	25216	35557	26623	31127	27008	 NA	31170
"Benzoic_acid,_4-hydroxy-_(2TMS)_536499.81_TRUE"	841	1213	996	1334	1808	1422	1207	1464	1254	1193	1476	1824	1486	1071	1387	1285	1303	100	1260
"beta-Galactopyranosyl-1,3-arabinose,_D-_(1MEOX)_(7TMS)_879025.31_PRED"	 NA	139884	187775	155263	191403	158900	87931	117673	34245	97789	99616	104600	420951	108869	116144	317490	65755	58	148442
"But-3-enoic_acid,_2-amino-4-(2-aminoethoxy)-,_(S)-trans-_(4TMS)_702005_PRED"	1279	2532	2136	3305	2390	2765	1811	3590	2187	3108	2125	2461	5559	1489	5990	4081	3474	540	1658
"Butane,_1,2,4-trihydroxy-_(3TMS)_345095_TRUE"	13039	6812	7673	7175	8541	6721	7187	7003	12855	6710	4408	5406	5682	7807	6141	6149	5856	699	7030
"Butanoate, 2-Oxo- (1MEOX 1TMS) [MP-1.1]"	17223	14013	11639	11823	15935	15174	15735	9411	18147	18049	16018	14811	14715	13600	9611	11285	9843	31	18778
"Butanoic_acid,_2,4-diamino-_(4TMS)_519172.62_TRUE"	904	1053	935	1176	1198	1038	731	1171	1419	979	1036	1284	866	887	1254	1133	1201	190	1032
"Butanoic_acid,_2-amino-_(2TMS)_249223.84_TRUE"	 NA	751	614	1117	1342	1011	856	846	800	928	1157	1640	920	715	1206	901	996	54	448
"Butanoic_acid,_2-oxo-_(1MEOX)_(1TMS)_BP_230578.09_PRED"	1584	1371	1095	814	972	1110	750	457	1227	1204	920	855	916	1293	769	859	476	56	805
"Butanoic_acid,_4-amino-3-hydroxy-_(3TMS)_424669.34_TRUE"	350	7550	9017	12999	16079	5090	10191	5866	1502	4265	7208	8269	4993	6257	7096	7701	2862	65	7781
"Butyrate, 3-Hydroxy- [MP-1.1]"	679	3087	3041	2784	3263	3018	2314	2532	1970	2602	2278	2363	1828	3007	2896	2835	2163	55	2354
"Butyric_acid,_2,4-diamino-,_DL-_(3TMS)_438050.91_PRED"	53842	54820	60356	58013	56949	58322	57101	56573	55648	59864	58609	60255	57932	56331	59554	59876	54805	57088	51750
Caffeate	11167	10399	9644	10145	21629	8089	8475	64645	19220	11735	5035	9121	9527	21081	18770	28127	55464	19614	52006
Calystegine_B1_(1MEOX)_(TMS)_623873.94_PRED	83460	137674	105389	137381	94757	149423	154144	150201	79444	146925	159941	172024	97272	157228	155717	98582	165736	218801	134945
Calystegine_B2_(1MEOX)_(4TMS)_BP_612263_PRED	1347	562	705	426	589	483	715	216	1807	390	208	236	813	535	497	424	367	117	548
Calystegine_B2_(1MEOX)_(5TMS)_755799.31_PRED	61338	24188	10788	11538	18764	8224	7630	62572	15823	10368	12607	7529	35634	26475	31254	27847	71482	74603	133557
Calystegine_B4_(1MEOX)_(4TMS)_622338.06_PRED	8803	5412	8573	5956	7241	5392	 NA	5757	9897	5411	5164	4532	8436	4629	4834	8073	3985	4591	6591
"Caproic_acid,_2-oxo-_(1MEOX)_(1TMS)_326540.84_PRED"	2337	1673	950	2067	1409	3686	1677	1388	268	2795	3062	4374	1158	3307	2046	1583	2138	553	1918
"Caproic_acid,_2-oxo-_(1MEOX)_(1TMS)_MP_348738.16_TRUE"	774	707	741	798	1060	778	723	916	1082	737	868	894	766	703	823	929	934	66	1008
"Cellobiose,_D-_(1MEOX)_(8TMS)_BP_872226.81_PRED"	954	4732	4824	4389	4680	4740	3500	3994	2761	4005	 NA	3799	2796	4216	4611	4061	3389	36	3519
"Cellobiose,_D-_(1MEOX)_(8TMS)_MP_862370.81_PRED"	8069	14539	11123	14301	9771	15499	15522	15244	8545	15348	16808	17349	9841	15949	15821	9863	16828	21437	13771
"Cellobiose,_D-_(8TMS)_956973.06_PRED"	1927	1589	1473	1791	2162	1680	1899	881	1980	3096	1532	1711	1906	1369	1133	1180	1216	4352	1653
Cellotriose_(1MEOX)_(11TMS)_1180000.88_PRED	157144	170587	176529	174872	162958	182199	185223	175739	160188	183533	185773	195506	164379	183314	191417	172966	186200	183920	160293
Chalcone_methoxyamine_(1MeOX)_686269.62_PRED	12227	10255	9838	11545	14006	11172	12708	5570	12436	20993	9772	10598	12662	8762	7503	7744	8029	27945	10758
"Cholesterol, D6-"	573	616	790	582	1206	627	934	648	805	689	811	691	535	779	640	561	672	47	713
"Cinnamaldehyde,_3,5-dimethoxy-4-hydroxy-,_cis-_(1MEOX)_(1TMS)_MP_750812.31_TRUE"	3762	3256	3146	3364	7340	2468	2847	19303	5786	3549	1731	2879	3210	6602	6184	8899	16209	6434	15527
"Cinnamic_acid,_2-hydroxy-,_cis-_(2TMS)_566294.81_TRUE"	538744	465119	529353	476869	499671	496554	492102	476368	521433	497259	499568	516462	503499	483812	506007	551978	494133	487065	427720
"Cinnamic_acid,_2-hydroxy-,_trans-_(2TMS)_633587.31_TRUE"	514	894	669	926	609	1008	950	901	688	951	963	921	788	889	907	771	812	1177	886
"Cinnamic_acid,_2-methoxy-,_cis-_(1TMS)_527345_PRED"	3668	4009	4308	4191	4136	4258	4242	4075	4006	4382	4466	4589	3986	4043	4402	4160	4233	4292	3607
"Cinnamic_acid,_2-methoxy-,_trans-_(1TMS)_605440.38_PRED"	265	889	858	941	919	882	753	906	163	748	936	1038	655	902	916	891	847	2503	791
"Cinnamic_acid,_3,5-dimethoxy-,_trans-_(1TMS)_753001.19_TRUE"	18590	10511	15776	11623	15713	11235	8812	10847	16652	11710	9889	9209	16594	8666	9170	18224	7485	11924	10169
"Cinnamic_acid,_4-hydroxy-,_trans-_(2TMS)_686039.44_PRED"	336	751	746	665	874	692	550	582	510	646	582	627	508	601	744	811	519	31	632
"Cinnamic_acid,_4-methoxy-,_trans-_(1TMS)_676004.19_TRUE"	1103	759	874	813	1415	742	622	624	1341	630	899	872	513	690	688	791	770	64	719
Citramalate	1238	1274	1302	1744	1834	1476	1696	1226	683	1434	964	1123	1258	747	917	921	843	 NA	867
"Coniferylaldehyde,_trans-_(1MEOX)_(1TMS)_BP_722966.06_TRUE"	1703	708	1445	1385	1846	1265	2244	1177	1495	1698	1926	1408	1216	1130	1050	1153	1355	206	1608
Cycloeucalenol_(1TMS)_1145523.75_PRED	154	1866	2214	1923	2427	1956	2107	1767	658	2232	1630	1484	969	2061	1260	1423	1514	185	3267
"Cyclopropanecarboxylic_acid,_1-amino-_(1TMS)_150876.39_PRED"	718	778	726	1004	1174	779	673	924	1338	778	994	985	595	681	937	891	1105	48	870
"Cyclopropanecarboxylic_acid,_1-amino-_(3TMS)_396111.84_TRUE"	28631	25291	28888	26539	26584	27394	26599	26076	27396	27425	27517	28395	27177	26851	27810	28755	27042	27038	24114
Cystathionine_(2TMS)_741724.62_PRED	1541	1650	1195	1599	1438	1366	1241	1672	1387	1688	2279	1743	932	1788	1513	1153	1952	 NA	1001
Cystathionine_(4TMS)_754589.12_TRUE	1541	1650	1195	1599	1438	1366	1241	1672	1387	1688	2279	1743	932	1788	1513	1153	1952	110	1001
Cysteine_(3TMS)_479326.28_TRUE	393	14620	20255	16060	20479	16772	9167	13109	3524	10657	10583	10631	39921	11515	12599	32721	7076	22	15651
"Decan-1-ol,_n-_(1TMS)_394136.03_PRED"	58499	37584	50212	40339	50666	36433	30334	35432	56515	36701	31633	30358	51037	29232	31654	55564	24303	35726	34064
"Decane,_n-_135215.56_PRED"	2358	2054	1932	2146	1264	1660	1727	623	1202	1938	2007	1670	1558	1827	1129	789	989	180	1387
Decylplastoquinone_(2TMS)_829355.75_PRED	2491	2641	3709	1961	2025	2226	2518	1832	4769	1431	1503	1473	1904	2083	1840	1662	1409	54	2047
Diethylenglycol_(2TMS)_306329.94_PRED	6228	5381	3971	3376	3515	4468	3147	1504	5008	4352	3330	3691	3342	4831	3067	3285	1852	90	3216
Dihydroxyacetone_phosphate_(1MEOX)_(3TMS)_BP_597751.19_TRUE	3346	2744	2470	2374	3233	3022	2975	2014	3329	3772	3171	2858	2748	2606	1895	2234	1919	50	3847
"Docosanoate|Docosenoate, 13Z- (1TMS) [MP-1.1]"	 NA	20772	33308	691	1547	47388	21333	15549	119401	20465	379	384	105880	33844	1215	52906	13230	27	869
Docosanoic_acid_(1TMS)_904290.44_TRUE	112537	45348	60241	31442	42363	40176	57958	10740	134819	33415	13231	16823	61519	42602	31439	29043	26245	925	44803
Docosanoic_acid_methyl_ester_(FAME_MIX)_890291.06_PRED	192957	91831	136872	102481	136956	92964	75390	92072	161768	97484	82977	78971	136727	74573	80868	139819	66470	104525	86332
"Docosenoate, 13Z- (1TMS) [MP-1.1]"	205320	125459	175752	135827	171427	129262	107715	122231	199547	130981	108780	104250	174553	99767	110402	192708	82638	123114	122636
"Docosenoic_acid_methyl_ester,_13-(Z)-_885243.31_TRUE"	170067	104948	152402	116365	155657	105903	92626	104909	174538	114028	96823	90995	151634	83588	98880	167267	74423	109172	102892
Dodecane_260776.19_PRED	62567	37562	53383	43411	50881	38381	32364	36915	61970	39097	31790	32649	54207	30077	32528	54845	26705	39527	34945
Dodecanoate (1TMS) [MP-1.1]	51533	31973	46838	34011	45160	30725	26391	32236	49871	32894	27680	25823	47081	25535	29150	46909	22026	31769	31384
Dodecanoic_acid_(1TMS)_528526.38_PRED	37279	23354	35244	24656	33640	23880	21105	24328	39654	23258	22402	19321	33544	18136	20739	33255	15984	22170	22167
Dodecanoic_acid_methyl_ester_(FAME_MIX)_476505.97_PRED	27824	18191	27720	20898	28531	19096	17527	18178	32928	17778	16755	15818	28053	14831	16585	27016	11862	15724	18462
Dopamine_(4TMS)_693757.5_TRUE	19883	13912	26327	15005	19483	14152	15769	14236	29183	13640	13001	11417	22679	10844	12812	19239	8762	10685	13374
"Dotriacontane,_n-_1074008.75_PRED"	9280	6076	15303	6792	8931	6477	8561	6574	15145	6151	5860	5380	11543	4833	5361	9374	3819	5193	5430
"Eicosan-1-ol,_n-_(1TMS)_828557.88_PRED"	44860	69313	99939	72513	104074	71963	53358	68258	108038	73183	61444	58567	114861	54277	61116	114375	46559	17440	64526
"Eicosane,_n-_695693.12_PRED"	120086	71719	105517	74730	105526	70756	56081	70119	124546	76138	62970	60345	101625	55966	61888	113334	48366	48010	66558
"Eicosatetraenoic_acid,_5,8,11,14-(Z,Z,Z,Z)-_(1TMS)_835936.56_TRUE"	2204	1050	1101	976	1443	801	1212	1550	2353	1174	1031	927	1099	1401	1723	1028	1218	2040	988
"Eicosenoic_acid_methyl_ester,_11-(Z)-_811732.75_PRED"	1224	1169	1456	1430	1281	924	2054	837	905	1295	2106	666	1150	948	562	290	600	102	1415
Erythritol|Threitol (4TMS) [MP-1.1]	684	817	865	845	616	678	654	644	934	560	781	541	551	678	694	647	557	167	816
Erythrose-4-phosphate_(1MEOX)_(4TMS)_BP_637886.19_TRUE	1906	1784	2193	1945	1280	1231	2857	900	1082	1704	3131	1192	1630	1201	678	706	643	160	1664
Ethanolamine_(3TMS)_321815.91_PRED	7009	6006	3892	2995	4576	5556	2854	1868	6232	4739	2646	4060	3616	5602	4151	4151	2637	69	3258
FAME C12:0	11126	9565	9105	10775	12656	10310	12131	5155	11417	19906	9087	9694	11843	8107	6988	7260	7490	26456	10084
FAME C20:0	502817	601332	579257	631220	536776	641101	675265	632824	476363	636075	673553	724265	578181	677603	679241	619653	717496	676467	544358
FAME C22:0	2223	1794	814	1870	1371	3358	1459	1423	237	2598	2703	3942	1262	3149	1825	1487	2143	583	1814
FAME C24:0	2155	2103	2023	2275	1870	2150	2137	1784	2561	2003	2331	1930	1663	2218	1909	1797	2005	2434	3004
FAME C26:0	3052	2484	2729	2617	2600	2478	2862	2214	3362	2743	2596	2503	2048	2960	2545	2434	2575	4103	3899
FAME C28:0	4172	6897	5628	4717	4246	4739	3158	6821	5199	4391	2888	4284	3169	5997	5178	4001	4030	5471	3228
FAME C30:0	122839	209304	170948	208252	149947	228457	212808	221058	128884	225853	232528	230431	148546	209269	228624	152112	195304	239964	209146
FAME C8:0	353	2096	1950	2020	1663	2362	2477	2190	1465	2350	2127	2376	2009	2400	2165	1779	2596	56	1764
Fucose_(1MEOX)_(4TMS)_BP_528624.81_TRUE	2250	19046	17902	18649	15988	20467	21393	19392	12104	20532	19220	22106	15374	20659	20073	16744	22354	60	16031
Fumaric_acid_(2TMS)_371909.34_TRUE	682	6516	7112	6548	8419	6897	7083	6718	2182	7689	5814	5439	4620	7486	5014	5900	5692	1125	12061
Galactinol (9TMS) [MP-1.2]	42658	41451	44505	43640	41976	43155	39863	48717	41826	44817	44833	44783	42653	40839	43247	53174	42141	43801	36972
Galactitol_(6TMS)_590143.5_TRUE	3265	8462	8454	8648	7126	9158	9847	9020	6893	9418	9231	10682	7674	9779	9206	7734	10057	305	7961
"Galactonic_acid-1,4-lactone_(4TMS)_619566.38_PRED"	987	703	886	894	681	492	1369	287	609	666	1639	397	792	483	215	152	248	55	704
"Galactopyranoside,_1-O-methyl-,_alpha-_(4TMS)_585464.62_TRUE"	2754	4181	4325	4558	4228	2894	4157	2624	3401	4429	5783	3123	4132	3734	2882	2937	2045	2891	8559
"Galactose,_2-amino-2-deoxy-,_D-_(1MEOX)_(5TMS)_662843.5_PRED"	44124	38986	35330	36691	82958	29423	31660	240041	70373	43150	18828	34492	36548	77967	69739	105682	208798	67414	192337
"Galactose,_2-amino-2-deoxy-,_D-_(1MEOX)_(5TMS)_666571.38_PRED"	287567	441881	361314	447060	324470	481514	428111	473198	272920	470583	476277	474700	327407	416488	474008	340064	394889	478129	431347
"Galactose,_2-amino-2-deoxy-,_D-_(5TMS)_642472.56_PRED"	5820	5305	6284	5549	3773	3225	8939	2659	3011	4696	9468	3020	4512	3173	2105	1438	1748	389	4420
"Galactose,_2-deoxy-_(1MEOX)_(4TMS)_BP_560991.25_TRUE"	1155	815	946	904	724	488	1327	429	446	735	1450	455	739	531	345	210	287	92	761
"Galactose,_2-deoxy-_(1MEOX)_(4TMS)_MP_562514.44_TRUE"	419	1095	972	1007	947	525	665	517	453	1094	977	674	413	557	554	908	585	468	1538
Galactose_(1MEOX)_(5TMS)_BP_588777.81_PRED	9732	8272	7524	7730	18033	6465	6717	53407	14407	9601	4230	7357	8137	17019	15575	23342	46194	15005	42413
Galactose_(1MEOX)_(5TMS)_MP_587519.31_PRED	869	7210	6410	7257	5718	7766	7851	7249	4550	7722	7164	8156	5922	7580	7639	6346	8659	35	5680
Galactose-6-phosphate_(1MEOX)_(6TMS)_MP_813217.38_PRED	5567	15811	15478	15179	11235	17253	16541	13762	11590	17312	17343	16258	11629	15332	14590	12618	14002	12360	16315
Gallic_acid_(4TMS)_660130.31_TRUE	141618	250324	188653	247534	168846	278034	283734	268456	137240	270490	300829	309811	169959	283946	287125	173830	283416	360726	251760
Gentiobiose_(1MEOX)_(8TMS)_BP_970360.12_PRED	1297	994	1112	2203	1508	1206	1666	687	2448	1020	1857	1155	1091	846	1261	654	689	60	2530
Gibberellin_A1_(3TMS)_958959.56_PRED	1224	1057	1230	1012	768	663	1642	473	649	905	1690	590	940	628	418	350	361	127	900
Gibberellin_A3_(3TMS)_969084.75_PRED	3088	2528	2795	2804	4136	2554	2909	2573	3606	2334	2592	2373	2193	2327	3440	2318	2711	 NA	2466
"Glucaric_acid-1,4-lactone_(4TMS)_660551.44_TRUE"	3228	26240	27518	37880	62996	56588	61575	29625	49695	54737	57752	36927	41618	40095	36929	42160	37356	43	92858
Glucoheptose_(1MEOX)_(6TMS)_MP_668728.75_PRED	206	673	916	2464	1591	708	792	494	787	597	1481	1156	784	534	1424	609	403	70	2928
"Gluconic_acid,_2-amino-2-deoxy-_(6TMS)_686570.5_PRED"	49250	92972	79107	90226	66035	100415	92138	93526	60288	100016	99780	96082	66552	87151	95822	68052	78281	91064	93602
"Gluconic_acid,_2-amino-2-deoxy-_(7TMS)_641273.75_TRUE"	2488	13031	13643	13021	9779	14356	14570	10162	10719	14699	15429	14328	9996	12440	11704	11079	11091	4699	14910
Gluconic_acid_(6TMS)_627052.12_TRUE	1125	480	538	578	681	532	653	319	688	976	511	443	654	418	445	439	408	1395	536
"Gluconic_acid-1,4-lactone_(4TMS)_646839.44_PRED"	2877	2140	902	2576	1783	4656	2014	1715	273	3326	3853	5309	1265	4305	2500	1971	2748	665	2228
Glucose 6-P|Galactose 6-P (1MEOX 6TMS) [MP-1.2]	729	3107	3425	3591	3912	3386	2698	2858	3292	2993	2978	3274	5724	3003	3171	3881	2434	152	3443
"Glucose, 1,6-Anhydro- (3TMS) [MP-1.1]"	52478	32500	37758	54683	45904	43892	57413	28596	42329	58391	72853	48715	35183	42204	30665	27824	44115	44	44936
"Glucose,_1,6-anhydro-,_beta-_(3TMS)_558133.69_TRUE"	497	546	669	745	781	441	524	515	973	532	493	571	540	396	606	522	402	330	707
"Glucose,_2-amino-2-deoxy-_(5TMS)_MP_600525.75_TRUE"	1104	1568	1236	1353	1967	1366	855	1097	1658	1184	699	1020	1451	1317	830	1009	833	103	1314
"Glucose,_2-deoxy-_(1MEOX)_(4TMS)_BP_557943.19_TRUE"	2778	7540	4666	6135	9297	5968	5778	17779	6738	7382	13720	8492	5229	7935	14106	12661	17298	2822	3015
"Glucose,_2-deoxy-_(1MEOX)_(4TMS)_MP_559520.5_TRUE"	1123	879	1230	1501	1676	1121	1847	852	1839	1246	1493	1050	1827	933	989	1115	700	52	2740
"Glucose,_3-deoxy-,_D-_(1MEOX)_(4TMS)_589111.5_PRED"	985	 NA	835	924	762	540	1271	279	 NA	652	1390	462	914	425	441	384	275	35	813
"Glucose,_3-O-methyl-_(1MEOX)_(4TMS)_613285.81_PRED"	 NA	50214	44037	67662	76257	35731	23896	64180	1885	51216	84951	65712	5714	48461	38497	51314	40460	1350	46580
"Glucose,_3-O-methyl-_(1MEOX)_(4TMS)_618213.81_PRED"	14958	10558	10847	8895	9939	8424	5761	7619	13392	7138	7024	6660	9408	8598	8565	6918	7555	17089	7082
Glucose_(1MEOX)_(5TMS)_BP_599322.19_TRUE	2003	1875	2268	2078	1495	1368	3063	962	1180	1887	3328	1199	1894	1332	784	561	755	280	1751
"Glucose-6-phosphate,_2-amino-2-deoxy-_(6TMS)_802931.06_TRUE"	 NA	1566	1855	1695	2230	1707	1807	1461	497	1810	1343	1293	900	1827	1097	1468	1364	258	3008
Glucose-6-phosphate_(1MEOX)_(6TMS)_BP_781714.75_PRED	13343	14205	15225	15127	13702	15756	15496	14971	13936	16107	15142	16730	13304	15263	16142	14605	15601	15565	13849
Glucuronic_acid_(1MEOX)_(5TMS)_MP_619868.12_PRED	3589	4060	6123	3525	3656	3643	4285	3211	6747	2905	2978	2626	3498	3856	3291	3362	 NA	318	4337
Glutamine ([-H2O]3TMS) [NN-4.1]	7068	8299	11566	6391	6390	6725	7680	6870	14509	4434	4862	4385	5600	6492	5951	5516	5009	72	7584
"Glutamine,_N-acetyl-,_DL-_(3TMS)_655207.31_PRED"	822	30956	40785	34307	41801	35290	18360	25525	7135	20886	21267	22650	115328	24241	25423	70109	13939	 NA	32646
"Glutarate, 3-hydroxy-3-methyl- (3TMS)"	32494	16866	19453	23384	18485	16759	12144	15655	22436	16868	14749	13621	27116	14637	12513	19431	10282	11950	15776
Glyceraldehyde_(1MEOX)_(2TMS)_BP_289982.38_PRED	 NA	61596	82825	68193	83967	72794	37522	50913	13955	40974	43471	45322	291624	49202	52068	143891	28289	10	66384
Glyceraldehyde-3-phosphate_(1MEOX)_(3TMS)_BP_571519.81_TRUE	319	815	682	729	564	747	846	706	666	785	756	808	643	856	782	641	805	106	628
Glyceraldehyde-3-phosphate_(1MEOX)_(3TMS)_MP_577300.12_TRUE	7456	1533	1739	1251	1187	1656	2043	702	3190	1484	936	1098	1745	1610	1653	1301	1633	82	1658
Glycerate	1411	6485	7890	6949	11768	5631	9637	3018	5691	6620	7814	8599	3473	4335	4977	3547	5250	49	6190
"Glyceric_acid-1,3-diphosphate_(5TMS)_927041.38_PRED"	1411	6485	7890	6949	11768	5631	9637	3018	5691	6620	7814	8599	3473	4335	4977	3547	5250	39	6190
Glyceric_acid-3-phosphate_(4TMS)_606948.88_PRED	1780	727	811	1126	1680	1540	1586	846	1663	1332	1678	900	1216	1116	1098	1210	1026	79	2606
Glycine (2TMS) [MP-2.1]	 NA	8378	6343	8566	22232	11383	14418	19510	2677	17847	25451	15271	18100	22527	16185	28663	13814	29	15744
"Glycine,_N-acetyl-_(1TMS)_334790.31_PRED"	2240	1925	1602	1702	2232	1978	2088	1316	2289	2426	2253	2036	2050	1867	1359	1552	1344	40	2627
Glycine_(2TMS)_226792.3_TRUE	16298	9542	9980	13020	20444	18402	20512	9761	22831	17628	18426	11825	13987	13407	12733	14024	12250	90	29113
Guanidine (3TMS)	2103	1349	1790	1423	1676	1225	1056	1261	1905	1254	1129	1012	1865	980	1085	2039	888	1196	1349
Guanosine-5-monophosphate_(6TMS)_1065235.12_TRUE	552	2444	2435	2234	2441	2514	1816	2044	1583	2140	1795	1974	1513	2304	2287	2321	1797	33	1768
"Gulonic_acid,_2-oxo-_(1MEOX)_(5TMS)_MP_610220.12_PRED"	4490	4327	3234	4248	3702	3652	3314	4932	4016	4572	6716	4696	1974	4956	4228	2990	6012	60	2532
Gulonic_acid_(6TMS)_675374.94_PRED	22631	17955	17390	20266	23274	19553	22771	9785	21560	36436	16854	18276	21590	15421	13336	12947	13915	49027	18514
"Hentriacontane,_n-_1046514.81_PRED"	450	1131	815	823	1483	957	911	2667	1144	1180	2128	1267	976	1270	2231	2273	2577	503	482
Hentriacontanoic_acid_methyl_ester_1125933_PRED	138491	232513	179253	229864	158948	253443	239420	247777	134380	247654	263487	264973	163270	237719	258849	167518	224532	278318	227687
"Heptacosane,_n-_936641.12_PRED"	6511	7147	5788	8265	9127	8000	5198	7231	9298	7594	8032	8723	6669	5529	8505	8430	8473	21	6130
"Hexadecan-1-ol,_n-_(1TMS)_647741.06_TRUE"	7624	885	307	399	602	528	331	1004	353	395	431	401	2086	1420	1055	1206	2062	4508	4105
"Hexadecanoic_acid,_15-methyl-,_methyl_ester_688373.06_PRED"	11709	14154	10917	16281	19687	15067	11096	16077	17856	15008	15752	17034	12741	12291	16994	17634	19589	32	14900
"Hexadecenoate, 9Z- (1TMS) [MP-1.1]"	48123	51093	53187	51977	50222	53090	53033	52538	49183	54427	54083	56478	50247	52542	55219	54010	52583	53649	46468
"Hexadecenoic_acid_methyl_ester,_9-(Z)-,_n-_652277.12_PRED"	1123	1013	923	 NA	851	725	1214	669	1480	807	 NA	638	894	866	557	559	487	155	1248
"Hexanedioic_acid,_hydroxy-_(3TMS)_535302_TRUE"	15817	11656	11333	11647	16953	11637	11196	4851	19000	9304	4977	7689	13817	8640	11009	8124	12071	 NA	14517
Hippuric_acid_(1TMS)_692751.69_TRUE	 NA	10846	8277	7037	6053	7086	4278	10047	7772	6154	4500	6394	4896	8813	7860	5982	5740	8068	4788
Histamine_(3TMS)_653726.19_TRUE	21549	18789	13898	10758	12061	15358	10891	5103	16947	15495	12215	12090	10715	16270	10764	10714	6696	96	11409
Histidine_(3TMS)_678782.75_TRUE	7875	6546	4754	4100	6359	6557	4473	2912	7181	5992	4454	5487	4779	7027	4833	5284	3713	551	4684
Homocysteine_thiolactone_(1TMS)_442569.88_PRED	8032	6688	5115	4208	4373	5808	3898	1850	6454	5665	4397	4586	4172	5969	3946	3988	2495	57	4217
"Homoserine,_O-succinyl-_(3TMS)_712510.25_TRUE"	253	393	216	320	355	172	58	4706	129	432	729	319	356	710	437	1036	2366	131	1152
Homoserine_(3TMS)_405393.81_PRED	16229	8161	6639	1754	3952	2675	7649	6061	17671	1755	1088	919	14131	7190	8254	5228	10986	22971	32878
Hydrocaffeic_acid_(3TMS)_667708.25_TRUE	2455	2739	2555	2031	2206	2349	1756	3357	2333	2180	1668	1632	2264	2393	2213	2458	2091	2411	1414
Hydrogen_sulfide_(2TMS)_99920.4_PRED	2205	2597	3145	3210	3687	2847	4636	1808	3763	3245	3221	2303	4128	2353	2300	2488	1982	513	7756
Hydroxyurea_(3TMS)_285700.81_TRUE	954	671	895	1545	1077	863	1152	510	1743	761	1409	827	822	659	938	504	507	77	1708
"Indol-3-yl-glucoside,_beta-_(5TMS)_966147.44_TRUE"	55	548	268	254	479	186	161	1930	105	351	372	228	467	593	543	721	1532	 NA	1850
Indole-3-acetaldehyde_acetal_(3TMS)_721506.25_PRED	2368	1904	1597	1965	2671	1780	2133	2425	2906	1836	1909	1815	1593	1944	2025	2219	2692	73	2713
"Indole-3-acetic_acid,_1H-_(1TMS)_668169.31_PRED"	2327	1728	1599	1749	2292	1966	2062	1203	2553	2364	2228	1879	2001	1785	1217	1674	1304	53	2527
Indole-3-acetic_acid_(2TMS)_726494.56_TRUE	1265	920	1060	2141	1426	1093	1612	664	2375	1108	1858	1080	969	896	1217	776	767	79	2379
"Indole-3-butanoic_acid,_1H-_(1TMS)_755498.5_PRED"	1054	422	285	242	416	210	143	1123	329	185	264	114	630	448	601	567	1288	1266	2000
"Indole-3-ethanol,_1H-_(2TMS)_652683.19_PRED"	982	992	722	934	864	895	868	1137	883	1093	1514	1020	487	1073	946	789	1264	36	592
Inosine_(4TMS)_904803.88_TRUE	19953	19538	13492	12510	10910	13739	5840	16671	27430	10510	10154	9384	10144	15159	16304	16509	11397	122	10817
"Inositol, myo- (6TMS) [MP-1.1]"	204	4092	3552	3781	4038	2135	1441	2847	659	1710	3683	3625	1584	2134	4553	3896	1464	92	1966
"Inositol-2-phosphate,_myo-_(7TMS)_867558_PRED"	1130	2196	2281	1977	1149	1717	2525	1403	2261	1606	2255	1497	1266	2333	1751	1749	1608	69	2766
Isoascorbic_acid_(4TMS)_673388.94_PRED	810	474	510	540	643	576	629	364	705	1044	480	445	666	416	373	504	406	1463	486
"Isocaproic_acid,_2-oxo-_(1MEOX)_(1TMS)_MP_317977.56_PRED"	73426	50426	51415	43798	47801	40547	28453	36884	64538	36110	33329	31567	45210	39620	41097	34410	35517	80305	34235
Isocitrate (4TMS) [MP-1.1]	 NA	1166	885	1228	2734	1625	1836	2530	451	2033	3032	2167	2447	2792	2090	3494	1708	54	1891
Isomaltose_(1MEOX)_(8TMS)_MP_908553_PRED	1679	1951	1824	2491	2785	2174	1835	2577	2760	2230	2292	2392	2226	1724	2571	2418	2705	52	2305
"Isovaleric_acid,_2-oxo-_(1MEOX)_(1TMS)_BP_269296.62_PRED"	5072	2528	2382	599	1371	1019	2409	2251	5706	620	524	638	4578	2543	2716	1901	3408	7006	10223
Itaconic_acid_(2TMS)_387877.28_PRED	26820	10247	15224	21861	17569	12434	 NA	11319	17235	12648	14174	15688	34642	12213	12608	13632	8113	 NA	19647
Kaempferol_[+H2]_(5TMS)_1049359.75_TRUE	5086	4364	5105	4599	3209	2979	6877	2244	 NA	3959	7199	 NA	4065	 NA	250	120	1680	596	3891
"Kestose,_1-_(11TMS)_1034658.38_TRUE"	1123	1013	923	753	 NA	725	563	669	1480	807	1014	638	 NA	866	557	559	487	155	1248
Lactic_acid_dimer_(2TMS)_404569.56_TRUE	386	2111	2095	1758	2151	2073	1463	1570	1317	1766	1572	1721	1221	1916	1860	1714	1493	23	1513
Lactitol_(9TMS)_862430.56_PRED	1565	1430	1506	1215	2958	1091	1065	7343	2158	1530	761	1153	1320	2510	2368	3305	6183	3535	5980
"Lactose,_alpha-_(1MEOX)_(8TMS)_BP_932843_PRED"	26820	10247	15224	21861	17569	12434	12460	11319	17235	12648	14174	15688	34642	12213	12608	13632	8113	14538	19647
Lactulose_(1MEOX)_(8TMS)_MP_858297.25_TRUE	8141	3244	1535	1479	2727	1149	955	8057	1994	1299	1662	1082	4317	3328	3899	3424	9069	9248	16812
Laminaribiose_(1MEOX)_(8TMS)_MP_939711.88_PRED	1123	 NA	923	753	 NA	725	 NA	669	1480	807	1014	505	894	866	514	559	487	155	1248
"Linolenate, alpha-"	10982	11418	10711	8637	20586	11814	10500	3100	16947	7942	4142	8134	9701	7016	8865	7584	8386	 NA	10133
Lysine (3TMS) [MP-1.1]	332	542	564	515	364	521	606	587	514	649	609	632	473	609	573	415	613	43	482
Lyxonic_acid_(5TMS)_539863.25_TRUE	313	2238	2087	2100	2337	1710	2342	1580	773	1116	1546	2059	1943	2353	2051	1216	1011	31	4347
"Lyxonic_acid-1,4-lactone_(3TMS)_580326.75_TRUE"	903916	632984	560272	520371	518556	467813	307823	438636	680530	408868	386626	364306	508333	501265	480065	357751	478837	1208024	379653
Lyxose_(1MEOX)_(4TMS)_MP_498323.69_TRUE	1402	45229	51652	77835	93756	30033	60109	35337	7620	24579	42995	50100	30489	36478	42813	46238	17016	 NA	46451
Maltose_(1MEOX)_(8TMS)_BP_880335.56_TRUE	277	1337	1456	1390	1791	1475	1355	1429	522	1552	1344	1244	1079	1520	1047	1345	1241	148	2225
Maltotriose_(1MEOX)_(11TMS)_BP_2028108.62_PRED	3492	3600	3532	4501	5316	4064	3472	4412	5072	4055	4594	4650	3352	3727	4195	3951	5157	39	4951
Mannitol|Sorbitol (6TMS) [MP-1.1]	1565	913	954	1271	1154	1098	1265	806	1180	1462	1594	1241	1090	1170	797	759	1052	56	1223
Melibiose_(1MEOX)_(8TMS)_BP_922726.31_TRUE	279	842	883	889	758	670	669	750	1283	745	771	705	761	680	719	724	534	31	718
Methionine (2TMS) [MP-1.1]	4956	12593	12015	14853	21096	15467	14044	12118	16196	14021	17726	21447	10177	12715	13356	14467	15639	118	11402
Methionine sulfoxide [MP-1.1]	893	1193	1253	1077	1841	1060	1173	838	1605	1330	1234	1003	1192	1137	818	994	829	64	1224
myo-Inositol-1-phosphate_(7TMS)_788938.62_PRED	635	 NA	983	705	946	611	1211	119	500	482	334	412	 NA	624	 NA	87	337	34	986
Naringenin_(3TMS)_1026216.62_TRUE	2927	3621	2963	4202	5186	3831	2817	4116	4891	3559	3953	4402	3299	3235	4178	4352	4955	71	3938
"Neuraminic_acid,_N-acetyl-_(1MEOX)_(7TMS)_MP_873067.12_TRUE"	691	539	439	638	614	581	457	636	863	609	534	567	558	436	758	763	618	91	555
Nicotinamide_(2TMS)_455050_TRUE	8093	6935	6809	6856	15000	5421	5876	40926	13048	8147	3488	6224	6101	14308	12528	18528	35591	14079	33321
Nicotine_388893.59_PRED	133	3113	4099	3012	3656	3940	2981	3379	4031	3654	2678	2234	3225	4179	2530	4475	2723	100	4995
"Nigerose,_D-_(1MEOX)_(8TMS)_950864.12_PRED"	158	3113	4099	3012	3656	3940	2981	3379	4031	3654	2678	2234	3225	4179	2530	4475	2723	100	4995
Nonanoic_acid_(1TMS)_380280.66_PRED	682	684	858	1300	1326	1120	2326	464	1273	1058	1388	761	1798	706	760	676	505	50	3634
Nonanoic_acid_methyl_ester_(FAME_MIX)_299188.81_PRED	 NA	1605	1068	1212	1412	1026	947	1365	1590	1126	1365	974	957	1504	1524	1345	1204	98	1170
Norleucine_(3TMS)_441396.09_PRED	1970	5916	6437	4892	7054	6028	8374	5301	7011	6724	6894	7059	4453	7311	5001	6000	4877	81	6540
Octacosanoic_acid_(1TMS)_1072070.62_TRUE	734	792	1065	659	715	643	756	620	1610	415	464	469	598	631	576	601	474	38	631
"Octadecadienoic_acid_methyl_ester,_9,12-(Z,Z)-,_n-_729866.38_PRED"	8886	4846	6035	8317	6935	6575	8386	4578	6337	8503	10563	7252	6020	6406	4809	4615	6441	160	6835
"Octadecane,_n-_609623.12_PRED"	3014	1538	3190	2262	2861	2164	3862	1810	2604	2834	3081	2240	2951	1834	2327	2069	2397	88	3350
Octadecanoic_acid_methyl_ester_(FAME_MIX)_871736.5_PRED	8749	27892	25848	23924	20469	18064	20866	14341	25357	21655	13599	10109	14937	15606	18100	16824	16427	132	28090
"Octadecatrienoic_acid,_n-_(1TMS)_781232.38_PRED"	2489	1085	866	841	1094	827	756	588	4984	746	716	559	698	744	801	666	448	94	1072
"Octadecen-1-ol,_9-(Z)-_(1TMS)_746480.38_PRED"	2230	858	750	703	750	760	654	509	3997	666	660	576	617	581	591	632	369	81	1007
"Octadecenoic_acid_methyl_ester,_9-(Z)-,_n-_732023.88_PRED"	246	763	479	582	870	887	679	746	2463	788	712	788	641	919	785	756	623	44	874
Octopamine_(4TMS)_667962_TRUE	9469	3070	1535	1398	2480	940	1129	6650	2275	1253	1419	861	4460	3104	3890	2978	7093	13034	15312
Ononitol_(5TMS)_672559.06_PRED	381	2863	2268	3886	8938	3349	4066	4143	2239	2635	4020	5551	1978	1944	3317	4660	4196	586	574
"Ornithine,_N2-acetyl-_(3TMS)_694953.31_TRUE"	898	2177	2014	2156	1667	2182	2354	2158	1614	2365	2394	2500	1885	2383	2170	1770	2543	576	1871
Ornithine_(3TMS)_587245.62_PRED	13319	10107	12563	11077	18932	10832	9264	8855	16413	9258	11010	10717	7272	8632	8349	10132	10946	41	10645
"Ornithine-1,5-lactam_(2TMS)_437383_PRED"	3724	1001	1511	55	151	2179	1033	682	5338	886	 NA	51	4537	1497	74	2343	595	41	75
"Orotic_acid,_4,5-dihydro-_(3TMS)_616339.19_TRUE"	11512	8118	7687	6646	7808	6126	4407	5938	9878	5598	5152	4842	7031	6389	6478	5488	5817	13211	5378
Orthophosphate	155904	165167	170045	172876	159860	172094	168216	176248	154177	176846	175529	184999	164323	168096	173692	185814	172488	173268	148942
Paracetamol_(2TMS)_535603.69_PRED	6774	11838	9321	11716	8598	13255	12825	12781	7347	12749	13329	14048	8605	13422	13618	8124	13381	16940	11993
Pentacosanoic_acid_methyl_ester_978390.75_TRUE	1053	437	662	1306	667	782	313	760	1260	517	502	324	868	612	599	1113	288	594	1192
Pentadecanoate ((1TMS)) [MP-1.1]	670	304	466	1195	512	591	257	387	836	304	406	247	593	437	500	684	201	368	1121
Phenylpyruvic_acid_(1MEOX)_(1TMS)_BP_524320_TRUE	241	1675	1713	2491	3915	3345	3628	1746	3016	3206	3231	2282	2600	2322	2224	2808	2222	60	5379
Phosphoric_acid_monomethyl_ester_(2TMS)_258939.19_PRED	1068	846	699	638	730	562	466	590	871	617	433	390	672	633	576	574	559	1168	507
Phyllodihydroquinone_(2TMS)_1143409_PRED	3661	3721	4386	3866	7534	3984	5457	4038	4384	4323	5372	4577	3192	4714	4401	3347	5002	1370	4484
Phytol ((1TMS)) [MP-1.1]	708	773	2214	419	606	413	1719	248	734	834	276	227	2294	461	1625	874	714	44	1916
Picolinic_acid_(1TMS)_430647.09_TRUE	1496	3658	3915	3793	4882	4386	4037	3748	2358	4834	3566	3680	4032	4070	3642	4831	3750	816	5785
Prephenic_acid_(1MEOX)_(3TMS)_(Derivate_not_found)_721096.31_PRED	 NA	652	791	 NA	782	709	479	603	322	591	503	617	395	629	636	679	455	44	494
Proline_(1TMS)_266087_PRED	16897	22975	23068	19344	24176	19249	13741	22382	14831	21070	17102	15179	29941	17398	17750	37311	16923	7906	16611
Proline_[+CO2]_(2TMS)_534232.75_TRUE	518339	555510	586609	582215	558071	584590	576602	576983	530731	595778	586662	612196	561748	569465	600112	597177	557011	579338	512518
"Propane,_1,3-diamino-_(4TMS)_478361.56_TRUE"	5920	709	607	612	561	475	594	324	515	795	596	531	461	398	482	400	530	49	1279
Psicose_(1MEOX)_(5TMS)_MP_579668.94_TRUE	3615	1142	589	567	965	416	427	2818	966	545	550	369	1778	1233	1481	1111	2584	4835	5895
Putrescine (|Agmatine) (4TMS) [MP-1.2]	13546	7762	12383	13487	17901	12819	20626	12052	12063	16215	20229	14259	10652	11511	8383	10400	12281	289	14763
Putrescine (3TMS) [MP-1.1]	127779	71129	108101	122462	161591	113562	183698	107710	109266	147290	184207	129733	97196	101899	75149	95051	110796	3151	131308
Putrescine_(3TMS)_469088.72_PRED	3222	3091	2908	3278	2000	2387	2610	1088	1531	2664	3086	2748	2411	2592	1688	1056	1580	163	1981
"Pyridine, 2-Hydroxy- (1TMS) [MP-1.1]"	159	1031	636	466	896	1055	342	538	900	621	539	854	470	956	891	966	647	62	431
"Pyridine, 4-Hydroxy- (1TMS) [MP-1.1]"	 NA	1903	2089	2702	4625	3983	4194	2026	4346	3741	3772	2602	2913	2890	2730	2693	2556	257	6450
Pyroglutamic_acid_(2TMS)_507313.84_TRUE	542924	602313	588301	611485	543941	650671	734928	617301	539248	649062	703227	754074	543906	728901	728580	576755	785784	698832	564180
"Pyruvic_acid,_3-hydroxy-_(1MEOX)_(2TMS)_BP_355231.75_PRED"	10302	9257	8777	8858	18946	7181	7618	50268	16750	10297	4993	8242	8485	18033	15723	23367	43650	35079	42722
"Pyruvic_acid,_4-hydroxyphenyl-_(1MEOX)_(2TMS)_MP_684705.12_TRUE"	3902	2296	2489	3392	3079	3096	3737	1891	2804	3833	4629	3200	2510	2823	2147	2029	2815	38	3034
Pyruvic_acid_(1MEOX)_(1TMS)_222801.88_TRUE	4584	3535	3304	3076	4344	3692	3913	2508	4875	4607	3951	3683	 NA	3444	2598	2878	2407	145	4764
"Quinic_acid,_1-caffeoyl-,_trans-_(6TMS)_1139153.5_TRUE"	8458	5926	5985	6939	8679	6059	5118	5745	8367	5426	6706	6894	5166	5401	5792	5633	6767	167	5417
"Quinic_acid,_3-caffeoyl-,_cis-_(6TMS)_996810.12_TRUE"	8458	5926	5985	6939	8679	6059	5118	5745	8367	5426	6706	6894	5166	5401	5792	5633	6767	 NA	5417
"Quinic_acid,_4-caffeoyl-,_cis-_(6TMS)_1007153.25_TRUE"	33966	16280	16559	16294	20144	16082	17073	16483	30592	15824	9702	12395	12535	18314	13403	15348	14122	31	15894
Rhamnose_(1MEOX)_(4TMS)_BP_570616.31_PRED	 NA	713	233	434	647	417	118	2514	127	447	942	723	388	1286	988	1380	2703	327	3453
"Ribonic_acid-1,4-lactone_(3TMS)_550463.56_TRUE"	5261	15020	14327	13088	11962	10244	11322	7837	14474	11668	7427	5962	7995	8668	9920	9601	9041	235	15464
"Ribose,_2-deoxy-_(1MEOX)_(3TMS)_BP_469963.12_TRUE"	88234	43481	46654	44047	53243	43288	44924	44753	82609	43153	26534	32686	33855	48013	35920	40942	37413	102	42399
"Ribose,_2-deoxy-_(1MEOX)_(3TMS)_MP_471518.25_TRUE"	505420	502052	528028	513911	494009	540135	578025	513929	502664	541658	565464	591303	486971	566666	580071	516180	589830	552136	473766
Ribose_(1MEOX)_(4TMS)_MP_503578.66_TRUE	19186	13023	13040	11053	11848	10385	7389	9374	17125	8966	8503	7955	11168	10630	10719	8234	9609	22888	8541
"Ribose-5-phosphate,_2-deoxy-_(1MEOX)_(4TMS)_MP_691366_TRUE"	29983	14047	15302	14032	17821	14094	15168	14701	27845	13890	9168	10682	11712	16461	12154	13445	12260	 NA	14016
Ribose-5-phosphate_(1_MEOX)_(5TMS)_BP_707635.88_TRUE	2647	826	544	349	691	324	313	2218	731	358	441	280	1299	861	1093	866	1981	3724	4428
Ribose-5-phosphate_(1_MEOX)_(5TMS)_MP_705185.88_TRUE	1459	649	385	408	579	334	252	1609	497	254	381	216	865	723	850	811	1639	1768	3027
Ribulose-5-phosphate_(1MEOX)_(5TMS)_MP_715032.12_TRUE	798	2432	1839	2497	2183	1926	2362	1735	1605	2224	2902	2773	1989	1850	2369	2188	2676	56	2300
Saccharopine_(5TMS)_855563.75_TRUE	11822	3700	1997	1809	3009	1147	1414	9081	2873	1512	1698	1104	5709	3658	4824	3614	8474	16063	19739
Salicin_(5TMS)_851643.56_TRUE	87	418	146	282	276	131	33	4257	78	405	602	264	162	585	434	858	2086	134	1076
Salicylaldehyde-beta-D-glucopyranoside_(1MEOX)_(4TMS)_BP_(Derivate_not_found)_895394.56_PRED	585	3625	3109	3021	2480	2616	3394	2263	2299	3884	2993	4556	3018	2798	3219	4015	2747	 NA	2128
Salicylic_acid_(2TMS)_485058.22_PRED	4395	5890	3660	5505	7303	5848	5655	5253	6296	5471	6310	6974	3976	5510	5904	5451	6927	60	6618
Salicylic_acid-glucopyranoside_(5TMS)_896545.56_PRED	4395	5890	3660	5505	7303	5848	5655	5253	6296	5471	6310	6974	3976	5510	5904	5451	6927	 NA	6618
Sarcosine_(2TMS)_233204.59_TRUE	296	772	838	563	958	793	999	694	912	896	927	864	684	906	615	908	593	64	876
"Sequoyitol,_D-_(5TMS)_668399.5_PRED"	641	459	1091	1226	760	760	1000	830	588	1196	1828	1070	768	1066	492	352	1122	31	392
Serine (2TMS)	154411	78920	81158	78131	95436	76068	82111	76000	142792	73978	46607	58386	59577	85870	64533	66889	66518	 NA	78690
Serine (3TMS) [MP-1.1]	154411	78920	81158	78131	95436	76068	82111	76000	142792	73978	46607	58386	59577	85870	64533	66889	66518	47	78690
"Serine,_N-acetyl-_(2TMS)_491357.06_PRED"	4035	8332	7767	7719	4203	6114	9659	5220	7196	6044	8699	5559	3903	8564	6037	5767	6476	58	10185
Serine_(2TMS)_328955.09_PRED	203	2159	1179	719	1764	1984	628	750	1746	1590	715	1599	1190	1951	1609	1981	871	25	809
Serine_(3TMS)_356866_TRUE	106	4751	5397	7950	9710	3116	6100	3539	826	2363	4454	5007	3103	3541	4273	4932	1781	456	4764
