putative Compound	hum_101_9 _mus	hum_102_9 _mus	hum_103_9 _mus	hum_104_9 _mus	hum_105_9 _mus	hum_106_9 _mus	hum_120_9 _mus	hum_120_9 _mus	hum_121_9 _mus	hum_141_9 _mus	hum_153_9 _mus	hum_98_9 _mus	Wt_132_9 _mus	Wt_133_9 _mus	Wt_134_9 _mus	Wt_135_9 _mus	Wt_142_9 _mus	Wt_147_9 _mus	Wt_148_9 _mus	Wt_152_9 _mus	Wt_91_9 _mus	Wt_wt9_9 _mus
(std.i) U13C-Sorbitol	1522	1522	1522	1522	1522	1522	1522	1522	1522	1522	1522	1522	1522	1522	1522	1522	1522	1522	1522	1522	1522	1522
1-Pyrroline-2-carboxylate	11798	11856	9604	9371	13311	14317	11604	3113	543	16220	13383	14377	7192	9735	9655	5451	10034	18833	7218	718	11292	7252
2-Piperidinecarboxylic_acid_(1MEOX)_(2TMS)_549118.94_TRUE	12429	13686	9989	10453	15238	14009	13862	4986	16488	17190	14916	16447	8106	10421	12464	5958	10685	20104	7597	22479	12667	8135
2-Piperidinecarboxylic_acid_(2TMS)_375026.84_TRUE	1912	1712	1389	1316	1706	2119	1474	4369	697	2265	1890	2293	1198	1512	1332	859	1564	2990	1049	925	1747	1139
4-Hydroxyphenyl-beta-glucopyranoside_(5TMS)_872154.19_TRUE	519	571	429	416	553	585	548	1697	255	690	1298	764	695	503	375	160	950	1143	552	603	401	359
Adenine (2TMS) [MP-1.1]	1450	1047	798	813	741	1598	951	5385	1580	1090	1160	1039	1017	974	741	630	694	1407	671	939	1004	634
Adenine_(1TMS)_586048_PRED	3781	3616	3047	2760	4120	3763	3851	21935	4337	4692	4918	4884	2311	3138	3768	1691	2919	5839	2331	5984	3872	2263
Adenosine 5-P (|ADP|ATP) (5TMS) [MP-1.1]	9480	12007	4303	7055	12306	20160	5286	180772	28397	25654	19609	21958	3182	18573	9858	2898	13822	17689	4942	33891	5526	6010
"Adipic_acid,_2-amino-_(3TMS)_553368.06_TRUE"	713	780	685	404	627	811	709	463	757	748	643	833	514	488	604	336	472	1080	420	788	696	487
"Adipo-2,6-lactam_(2TMS)_492238.44_PRED"	3153	2831	2408	1764	2095	3190	1883	13513	1351	2881	2537	2436	1672	1840	1637	1461	1888	3524	1499	1905	2687	1638
Agmatine [MP-1.2]	6852	6288	5300	4245	6063	8837	5744	8758	7434	7115	6110	6177	3545	5211	4115	3030	4135	9572	3845	5076	4741	5581
Alanine (2TMS) [MP-1.1]	196513	174166	185586	143074	175567	242827	166189	502639	179611	231539	263153	293930	158410	183117	178451	112411	173847	371554	109239	316850	208905	170056
"Alanine, beta- (2TMS) [MP-2.1]"	864	1553	1678	1286	1572	4163	1392	3233	2043	2219	1437	1728	849	765	3083	1133	1340	3176	965	2340	2523	676
"Alanine, beta- (3TMS) [MP-1.1]"	1352	1159	607	258	703	1014	722	933	802	2114	1603	1609	1070	1514	317	482	761	2040	1242	1323	994	1412
"Alanine,_beta-_(3TMS)_394745.44_TRUE"	1229	1122	667	201	536	954	707	428	774	2027	1681	1604	1016	1601	340	414	682	1815	1207	1241	935	1438
Alanine_(3TMS)_355868.03_PRED	15283	10378	10083	9693	11282	13418	9102	46695	10574	12890	6945	18674	9177	9540	10118	6384	8873	12384	7265	13049	11876	7119
Allantoate	1398	774	564	725	1115	1308	730	3247	946	889	505	1039	431	658	915	457	633	877	311	1171	784	667
Allose_(1MEOX)_(5TMS)_BP_588062.44_PRED	39282	37713	43821	43844	43466	39121	45321	6620	45216	43773	42989	40840	45547	47506	44303	53983	42200	40988	48982	41883	40568	46693
Allose_(1MEOX)_(5TMS)_MP_577900.56_PRED	287	1189	580	898	209	1419	249	1459	662	1453	698	335	275	460	415	487	412	940	444	716	1268	189
Arabinonic_acid_(5TMS)_546660.38_TRUE	1348	1068	993	781	971	1375	1040	435	1070	1271	1091	1277	840	771	1051	532	768	1838	763	1109	1060	834
"Arabinonic_acid-1,4-lactone_(3TMS)_526082.88_TRUE"	638	352	2886	445	3095	4055	425	14256	385	2411	3235	3496	1901	2097	1705	1499	1683	3853	1519	2389	3282	1998
Arginine [MP-1.1]	1128842	828839	833761	533318	658406	1044007	577562	4286872	409589	840537	815065	734531	573906	577500	510667	488503	585282	1095646	484855	493765	882139	553203
Arginine_[-NH3]_(3TMS)_606298.12_TRUE	1712	854	647	592	1114	1248	726	1087	789	1250	1040	2060	746	885	430	483	803	1239	663	1099	717	1059
"Ascorbate, 1-Dehydro- (dimer;2MEOX) [MP-1.1]"	2621	2976	2602	1606	2668	3518	2270	170989	3012	3556	2226	3972	2245	1471	2609	2007	1984	3480	2094	3605	2426	2030
Asparagine (3TMS) [MP-1.1]	490858	512571	399939	418309	586968	559390	556612	139265	632161	654397	573606	630279	308682	399667	494257	228681	418584	789544	301783	854199	486945	327096
Asparagine (4TMS) [NN-5.1]	10726	4377	4141	10036	6603	12640	6498	2496	10116	6370	2880	4806	3120	8796	20245	3286	3338	NaN	2351	5810	5513	8245
Asparagine_(3TMS)_550488.31_TRUE	282823	255171	234488	190998	262017	318259	255690	42551	260790	284833	275884	330485	180167	186930	233830	128305	186898	458231	174811	292475	269088	198893
Aspartate (3TMS) [MP-1.1]	6883	5452	3280	4247	4495	6267	3971	158774	4519	5492	8408	7558	5581	4170	19123	2350	2981	5519	3031	6882	4035	3279
Aspartic_acid_(2TMS)_458076.97_TRUE	1920	1367	900	1194	1281	1727	1186	38891	1335	1481	2320	2064	1402	1353	4569	636	949	1781	902	2032	1194	913
Aspartic_acid_(3TMS)_458039.69_TRUE	6529	4963	3106	4178	4586	6144	3895	156425	4487	5244	8194	6905	5196	4081	18490	2242	2788	5093	3093	6647	4108	3045
Benzoate (1TMS) [MP-1.1]	734	882	740	681	688	878	791	3457	873	992	983	1095	594	708	835	388	824	1303	482	1183	923	381
"Benzoic_acid,_4-amino-_(2TMS)_650574.94_TRUE"	745	1988	892	768	1356	1167	571	140927	980	1249	1283	1842	568	292	1330	605	592	1264	1153	1593	900	859
"Butane,_1,2,4-trihydroxy-_(3TMS)_345095_TRUE"	148802	108098	111065	78989	90582	137935	93261	423420	72046	147964	151322	162759	62693	69511	106229	39416	103718	180440	74774	141127	120623	70579
"Butanoate, 4-Amino- (2TMS) [MP-2.1]"	67474	51049	51181	36419	42513	64461	44435	204817	34010	69081	68723	74197	29453	33019	52108	18414	47627	83153	35392	65674	55163	31813
"Butanoic_acid,_2,4-diamino-_(4TMS)_519172.62_TRUE"	861	876	1429	3680	1155	3247	843	NaN	754	645	661	618	750	372	4425	NaN	712	1214	404	976	NaN	673
"Butanoic_acid,_2-amino-_(2TMS)_249223.84_TRUE"	836	500	291	511	749	745	631	4418	565	564	758	553	232	301	534	388	513	901	363	898	411	312
"Butanoic_acid,_2-oxo-_(1MEOX)_(1TMS)_MP_252911.77_PRED"	41265	67647	57206	99977	122888	126542	138640	890100	152162	75640	107030	173238	37869	88332	64105	35155	65122	191576	33260	271833	72816	24571
"Butanoic_acid,_3-hydroxy-_(2TMS)_249401.72_PRED"	439	783	533	503	1744	498	1572	7033	655	469	2204	428	607	523	1157	1046	461	2934	1285	2100	442	330
"Butanoic_acid,_4-amino-_(2TMS)_342578.41_TRUE"	15451	11444	11683	8618	9533	14290	9756	45054	7530	14760	14861	15846	6638	7518	10393	4163	10628	17334	7597	13615	12479	7123
"Butyrate, 2-Amino- [MP-1.1]"	818	500	291	471	749	745	631	4418	565	564	758	789	395	618	549	388	553	901	363	1122	374	647
"Butyric_acid,_3-amino-,_DL-_(2TMS)_281258.31_PRED"	17303	36689	25036	1071	19677	1624	19984	122282	1892	50178	44394	48421	19634	1358	14438	952	28987	56474	19615	61146	30942	12465
"Butyro-1,4-lactam_(1TMS)_241244.02_PRED"	15839	8973	8126	16674	8515	24727	7695	53946	15192	10186	8046	10546	5055	2949	6998	6172	7132	10768	6005	8283	8489	3353
Calystegine_A3_(1MEOX)_(3TMS)_MP_554707.88_PRED	1200	1170	1005	760	1234	1392	1192	498	1199	1427	1289	1314	768	824	914	532	851	1868	667	1503	1003	791
Calystegine_B4_(1MEOX)_(3TMS)_598843.25_PRED	4843	4737	5334	4606	5014	4897	4563	4740	5329	5607	4772	5369	4504	4959	4668	4870	4571	5436	4517	5211	4860	4316
"Caproic_acid,_2-oxo-_(1MEOX)_(1TMS)_326540.84_PRED"	3015	2004	1748	951	2678	1261	1667	5968	1469	2615	1525	3695	1508	1874	528	1006	1492	3063	1233	2715	1621	1543
"Caproic_acid,_6-amino-_(3TMS)_546902.25_TRUE"	565668	517264	465889	396910	541093	637564	525205	82521	547131	592720	573836	675641	357955	385421	486824	256208	386555	921526	348174	623900	546151	395175
Cellobiitol_(9TMS)_870156.12_PRED	711	841	590	509	793	771	838	1879	300	873	1768	954	1031	659	603	219	1374	1532	813	699	559	535
"Cholesterol, D6-"	3599	3316	2412	2451	3653	3164	3545	21444	4165	4190	4621	4365	2119	3038	3354	1465	3363	103	2258	5953	3479	1753
"CinNaNmic_acid,_2-methoxy-,_cis-_(1TMS)_527345_PRED"	3291	746	660	618	668	1198	586	5519	642	1043	773	908	595	744	741	447	626	1064	430	861	859	661
"CinNaNmic_acid,_3-hydroxy-,_cis-_(2TMS)_599148.38_TRUE"	5264	4139	3666	3943	4759	4605	2957	11451	3476	4201	2877	5190	2669	3077	3416	2216	2285	4083	3457	4118	4487	3185
"CinNaNmic_acid,_3-hydroxy-,_trans-_(2TMS)_653564.75_TRUE"	624	1684	683	659	1124	1011	464	125549	859	937	1228	1554	526	267	1194	473	529	1113	876	1265	837	684
"CinNaNmic_acid,_3-methoxy-,_cis-_(1TMS)_587950.5_TRUE"	1558	1354	1237	1190	1665	1384	1568	7223	1645	1844	1936	1957	866	1200	1548	662	1074	2227	900	2268	1527	908
"CinNaNmic_acid,_3-methoxy-,_trans-_(1TMS)_649428.75_TRUE"	4196	10304	4883	4238	6760	6397	3040	788645	4942	6241	6973	9889	3545	1598	7493	3316	3062	6903	6108	7697	4873	4927
"CinNaNmic_acid,_4-methoxy-,_cis-_(1TMS)_617496.56_TRUE"	1112	779	599	415	1131	1256	722	2160	662	1154	807	1842	563	701	436	395	876	813	439	818	642	990
Citrate (4TMS) [MP-1.1]	2770	4069	3302	3057	3100	4628	4156	18611	3819	4872	3201	4829	3347	2160	5545	1542	2694	5438	3027	4003	3097	2344
Cystathionine_(3TMS)_766080.12_TRUE	575	634	851	841	684	1638	1103	NaN	1637	1657	691	817	1070	1606	717	1544	863	541	991	1606	689	1450
"Cysteine,_N-acetyl-_(3TMS)_554708_TRUE"	763	647	620	462	535	860	749	435	676	792	648	730	488	463	590	342	420	1239	463	880	671	554
"Cysteine,_S-methyl-,_DL-_(1TMS)_354018_PRED"	1520	1170	1033	877	1094	1291	869	4614	1119	1235	636	1852	881	842	1031	601	863	1232	716	1198	1176	622
Cysteine_(3TMS)_479326.28_TRUE	1049	782	714	693	901	1280	688	34641	1006	1396	605	1538	536	727	685	531	706	1295	311	1159	968	751
Cytosine_(2TMS)_515287.31_TRUE	878	640	1135	4510	1153	3430	879	3015	950	772	718	749	423	397	5607	571	810	1248	301	1280	1669	454
Dehydroascorbic_acid_(2MEOX)_BP_639171.94_PRED	470	559	499	305	509	578	464	20224	443	748	377	651	428	242	485	353	338	663	417	556	345	372
Diethylenglycol_(2TMS)_306329.94_PRED	2502	1300	1155	923	1282	1557	1148	4853	388	1471	1350	1542	754	1023	933	585	1041	1912	710	470	1068	749
Dihydroxyacetone_phosphate_(1MEOX)_(3TMS)_BP_597751.19_TRUE	1088	952	1076	683	729	1545	857	386	896	1520	628	1118	731	651	730	546	711	1691	578	496	1065	773
"Docosahexaenoic_acid,_4,7,10,13,16,19-(Z,Z,Z,Z,Z,Z)-_(1TMS)_907201.25_TRUE"	2867	3188	3439	2833	2185	4392	3788	386	2505	6397	2465	3280	3798	4735	3089	2594	3370	11641	6935	2607	3213	4650
"Docosane,_n-_771587.31_PRED"	653	663	626	627	717	1925	1123	259	3035	1723	1483	1472	1638	1794	979	1429	1294	1614	1384	1817	832	2314
Dodecane_260776.19_PRED	4526	7439	6064	10856	13137	13354	14191	95838	16085	8138	11123	18486	4097	9394	7123	3698	6838	20713	3481	29000	7892	2673
Dodecanoate (1TMS) [MP-1.1]	830	886	2873	904	3188	3711	800	14256	1432	2717	3137	3731	1980	2100	1798	1387	1907	3800	1731	3216	3444	2100
Eicosanoic_acid_methyl_ester_(FAME_MIX)_818614.44_PRED	519	537	440	474	597	549	554	3653	746	748	642	743	305	459	662	267	393	781	271	956	588	317
"Erythronic_acid-1,4-lactone_(2TMS)_462181.38_TRUE"	1399	1089	690	931	1048	1252	870	30357	951	1079	1624	1487	1058	817	3725	464	619	1133	636	1600	807	690
Ethanolamine [MP-1.1]	37135	78925	54424	1196	42028	2063	41987	256743	2067	106459	97374	104797	42901	1995	31969	1621	64982	121643	41955	134509	67376	27255
Ethanolamine_(3TMS)_321815.91_PRED	262300	183310	159421	75693	202398	105305	126175	516053	131375	215481	121491	302570	135857	151969	38010	81853	123510	250273	101517	220521	139001	142983
FAME C10:0	105385	108225	82985	88250	130906	118369	124716	703858	133105	140271	130475	141731	58502	90195	104248	48401	93350	167855	57649	186342	109189	62818
FAME C12:0	121361	124877	90025	101266	149376	133049	141231	824191	158378	169310	152525	160405	68992	111501	120580	56334	106319	202112	67526	213279	122375	71629
FAME C14:0	156800	146796	112083	118945	171765	165030	169096	927427	188556	201358	187096	191596	84440	127922	145865	69517	120758	229732	86332	247171	147143	84839
FAME C16:0	112078	116939	80160	87282	134368	120812	127517	795405	145773	148332	140871	150398	65016	102411	105686	52812	92923	173092	61881	191843	117176	65671
FAME C18:0	39889	40171	31365	33432	48327	43344	48684	260102	50054	55295	48151	50346	22906	34889	38607	19585	34539	63267	21954	72834	40754	23175
FAME C20:0	39091	40723	30647	31624	48365	45339	46165	268132	49934	55029	48744	51756	22461	35053	38369	19204	33373	59643	22045	69417	40605	22695
FAME C22:0	30336	32743	24073	26366	38710	34998	37000	233217	40949	44285	40863	42192	19106	29055	30237	16260	28110	55500	17741	55100	33895	19321
FAME C24:0	27044	27701	19927	21317	31804	26965	30825	176852	34094	36843	30880	33841	15347	23391	24786	12534	23163	44343	14770	45534	23694	14048
FAME C26:0	21739	19995	14549	15898	23210	20262	23756	140093	25464	29973	24328	25317	11460	18038	18583	9171	20321	35525	11546	34613	19620	11098
FAME C28:0	18982	14944	10596	11637	16375	15071	16432	98496	18563	24558	24033	20388	9190	13347	14199	6724	16904	33389	9642	26172	14621	7606
FAME C30:0	10473	6411	4933	5171	7485	6152	7573	41906	8274	8934	14449	9371	4670	5916	6601	3032	9323	19628	7534	12897	7106	3360
FAME C8:0	64665	70946	54785	57810	90546	80053	88758	496594	97761	93199	90343	98835	38484	61756	71064	33304	61171	122998	36759	139078	74236	40881
FAME C9:0	77707	79058	57321	60810	97230	83738	90655	535232	100547	104869	95368	102678	43288	66679	77338	35932	67500	129601	42081	139474	78709	46814
Fructose (|Psicose) (1MEOX;5TMS) [MP-1.1]	1743	2225	1437	1117	1030	1712	1003	2903	1913	1129	2564	1044	1478	3325	2597	2245	1706	4339	2993	3380	1186	1455
Fructose (|Sorbose) (1MEOX;5TMS) [MP-1.2]	1075	1291	850	603	629	947	487	1886	1265	741	1645	451	928	2012	1537	1326	1191	2743	1802	2038	874	892
Fructose 6-P (1MEOX;6TMS) [MP-1.1]	3013	3010	4551	4062	3537	8064	5724	1129	8861	8964	3327	3957	5520	8468	3737	7839	4807	2863	5592	7399	3089	7604
Fructose 6-P (1MEOX;6TMS) [MP-1.2]	1410	1544	1559	1665	1717	4600	2707	533	8421	4228	3670	3080	4146	4779	2174	3778	2836	3632	3310	4680	1847	6046
Fructose_(1MEOX)_(5TMS)_BP_585803.75_TRUE	21550	20300	22742	23177	23166	20660	23471	9186	23786	22705	23091	21427	23358	24737	23261	27902	22349	21885	24896	21751	21474	23831
"Fructose-1,6-diphosphate_(1MEOX)_(7TMS)_BP_915966.25_PRED"	2614	2997	3074	2520	2081	3675	3307	386	2238	5625	2364	2964	3464	4197	2791	2355	3123	10585	6264	2295	2887	4220
"Fructose-2,6-diphosphate_(7TMS)_912183.75_PRED"	4105	4252	4837	3875	3194	6674	5075	638	3832	8587	3410	4285	5105	6577	3901	3975	4545	15250	9484	3199	4622	6636
Fructose-6-phosphate_(1MEOX)_(6TMS)_BP_(Derivate_not_found)_768948_TRUE	1798	2265	2172	2155	2610	7077	3722	NaN	10813	6273	5502	4812	6081	7113	3228	5045	4410	5509	4762	6029	2432	8650
Fucose_(1MEOX)_(4TMS)_BP_528624.81_TRUE	68	617	2405	147	2354	NaN	800	11970	457	2058	2455	2665	NaN	1625	NaN	1358	1177	2686	1229	2139	2465	1887
Fucose_(1MEOX)_(4TMS)_MP_522432.03_TRUE	1292	1164	NaN	NaN	4003	4673	1224	16577	1061	3106	3888	4015	2377	2373	5418	1919	2460	5053	1997	3675	4084	2432
Fucose|Epifucose (1MEOX;4TMS) [MP-1.1]	1292	800	3647	839	3397	4673	903	16577	938	3094	3702	4015	2391	2366	NaN	1830	2111	4678	1997	3433	4084	2328
Fumarate (2TMS) [MP-1.1]	2291	2785	2069	1336	1432	2787	2553	2889	1023	2120	3903	1455	2476	1941	4897	917	1490	3524	2075	1421	1992	1260
Galactaric_acid_(6TMS)_658294.38_TRUE	3910	10020	4596	3749	6385	5841	2812	749986	4910	5947	6614	9126	3168	1441	7219	3050	2891	6401	5771	7188	4437	4421
"Galactopyranoside,_1-O-methyl-,_alpha-_(4TMS)_585464.62_TRUE"	23703	22801	25571	25544	25059	23036	26419	6900	26521	26749	25352	23597	25956	27499	25847	30730	25089	23218	28146	24558	23286	26875
"Galactopyranoside,_1-O-methyl-,_beta-_(4TMS)_598177.19_TRUE"	13173	11708	10897	11109	13130	12296	9363	18625	11488	11553	8950	13396	9160	9548	10563	9116	8328	11302	10744	10812	11696	9862
"Glucaric_acid-1,4-lactone_(4TMS)_660551.44_TRUE"	643	742	809	798	812	700	907	1150	819	982	849	834	683	661	849	834	732	843	857	906	793	814
GlucoNaNte|GalactoNaNte [MP-1.1]	1504	1620	1434	982	1623	1780	1381	84625	2039	1911	1341	2214	1271	1087	1562	1089	1212	2165	1248	2020	1428	1236
"Gluconic_acid,_2-oxo-_(1MEOX)_(5TMS)_BP_593592.06_TRUE"	2127	2029	2441	2367	2340	2140	2428	841	2276	2430	2389	2241	2275	2419	2447	2776	2115	2359	2354	2311	2278	2328
Gluconic_acid-6-phosphate_[-H2O]_(5TMS)_762561.19_TRUE	3542	3663	5583	4987	4261	10424	7328	280	11446	11115	3811	4904	6926	10210	4419	9879	5992	3452	6953	8701	3539	9398
Glucopyranose_[-H20]_(4TMS)_561007.94_TRUE	1223	1458	1539	1523	1362	3381	1633	13148	3790	2625	2720	2012	2428	3701	1496	2176	1907	2976	2072	2873	1398	2889
"Glucopyranoside,_1-O-methyl-,_alpha-_(4TMS)_613929.06_TRUE"	6204	3967	2876	2054	5311	7068	3139	8801	3357	5676	4035	10585	3419	3964	2174	2457	4669	3598	2473	4128	3284	5546
Glucose (1MEOX;5TMS) [MP-1.2]	13624	13335	14680	14983	15218	13602	13867	9165	15292	15689	13567	14754	13855	14794	13922	15670	13824	14664	15038	14435	14309	13772
Glucose 6-P|Galactose 6-P (1MEOX;6TMS) [MP-1.1]	5900	7098	6791	7049	7830	23055	11929	NaN	37163	20308	16333	14006	20199	23760	9591	15956	14156	18283	15464	19327	8132	28927
Glucose 6-P|Galactose 6-P (1MEOX;6TMS) [MP-1.2]	956	1061	1087	1315	1173	3530	1867	NaN	5453	3027	2510	2272	2948	3595	1384	2560	2105	2780	2262	2687	1316	4424
"Glucose, 1,6-Anhydro- (3TMS) [MP-1.1]"	11278	11528	11143	7821	8481	19612	9406	10378	18879	15974	9945	12716	8452	8986	6153	5866	8269	23803	6857	18525	8762	10515
"Glucose,_3-O-methyl-_(1MEOX)_(4TMS)_613285.81_PRED"	1547	837	746	527	1347	1644	777	1984	777	1288	953	2496	854	998	453	583	1190	779	646	921	806	1310
Glucose_(1MEOX)_(5TMS)_BP_599322.19_TRUE	5500	5258	6112	6343	6115	5491	6056	1360	6750	6153	5701	5598	6155	6454	6055	7042	5890	5724	6499	6054	5595	5874
Glucose-6-phosphate_(1MEOX)_(6TMS)_BP_781714.75_PRED	1129	1234	1280	1430	1480	3989	2178	302	6366	3681	3020	2436	3379	4147	1738	3023	2458	3379	2847	3599	1454	5315
Glucose-6-phosphate_(1MEOX)_(6TMS)_MP_775879.88_PRED	5900	7098	6791	7049	7830	23055	11929	575	37163	20308	16333	14006	20199	23760	9591	15956	14156	18283	15464	19327	8132	28927
"Glucuronic_acid-3,6-lactone_(1MEOX)_(3TMS)_MP_657311_TRUE"	7307	18670	8553	7187	11460	10984	5069	1429441	8832	11003	12219	17068	5904	2833	13367	5571	5212	12110	10838	13141	8139	8352
Glutamate (3TMS) [MP-1.1]	24350	13012	18021	13929	15827	17381	15209	1036875	14181	20638	34787	17494	19172	8987	31789	7185	12742	17967	12727	15410	18173	9882
Glutamine [MP-1.1]	89139	74032	60575	69221	82901	79302	47360	195273	63818	70626	43591	86916	44109	49226	58054	37255	39705	69448	60391	65865	79666	53176
"Glutamine,_N-acetyl-,_DL-_(3TMS)_655207.31_PRED"	240	523	253	202	429	388	170	37264	352	385	370	560	153	122	350	203	195	373	333	480	288	252
"Glutaric_acid,_2-hydroxy-_(3TMS)_488906.25_TRUE"	20408	15320	14161	9954	12273	19532	11788	79380	8188	15634	14875	13887	10080	10858	9607	9011	11317	19930	9035	9768	16175	9863
"Glutaric_acid,_2-oxo-_(1MEOX)_(2TMS)_BP_486148.94_PRED"	2821	2328	2155	1599	2019	2928	1680	12580	1461	2528	2184	2051	1581	1728	1462	1364	1663	3284	1389	1620	2634	1553
Glyceraldehyde_(1MEOX)_(2TMS)_MP_277992.03_PRED	1538	1721	1303	1564	1605	2188	1533	16549	2085	1958	1934	1720	826	1250	1803	684	1151	2490	992	2814	1913	782
Glyceraldehyde-3-phosphate_(1MEOX)_(3TMS)_BP_571519.81_TRUE	28916	17708	14700	12716	16025	11833	15510	123403	21491	18514	19966	10835	15091	12176	23308	7762	16219	30446	26794	20210	15141	25410
Glycerate	1191	985	811	883	736	1469	713	3422	712	1144	968	786	635	753	753	505	727	1315	542	773	1040	487
Glyceric_acid-3-phosphate_(4TMS)_606948.88_PRED	2059	1062	1823	1142	1296	4727	1987	1010	3151	4755	876	1230	1684	1855	1760	1081	2295	5944	1371	2213	2081	2088
Glycerol ((3TMS)) [MP-1.1]	28592	20996	12843	15749	20766	13569	19837	1039407	13737	18470	24445	18930	11466	12892	13023	9506	14391	32986	11346	28307	12800	11718
Glycerol-2-phosphate_(4TMS)_556161.06_TRUE	4772	5407	5528	3362	3300	9847	3700	5736	9503	7638	4340	6135	4126	3834	2502	2627	3744	12939	3106	9739	3340	4632
Glycine (2TMS) [MP-2.1]	4318	14436	40398	92284	40071	71914	22279	397895	57755	11126	3214	14496	4989	1788	88117	23879	22731	29872	3191	37989	53483	2737
"Glycine,_N-acetyl-_(1TMS)_334790.31_PRED"	22865	24520	16748	19949	27801	26212	24885	67613	10777	22265	26883	29499	12838	18118	20504	11218	18596	30580	13153	17292	22726	12855
"Glycine,_N-cinNaNmoyl-,_trans-_(1TMS)_772530.69_PRED"	2096	2445	2128	2206	2668	7210	3611	NaN	11332	6264	5593	4259	6176	7113	3072	5076	4533	5746	4767	6134	2671	8448
Glycylglycine_(3TMS)_628479.25_TRUE	445	480	402	256	490	470	414	23533	531	622	341	553	372	316	462	280	328	583	338	638	346	363
Glycylglycine_(4TMS)_591933.56_TRUE	662	674	707	657	806	706	766	596	623	729	700	634	686	683	662	885	598	728	706	742	711	695
Guanidine_(3TMS)_266995.5_PRED	557	612	597	1211	1456	1666	1451	10140	1703	633	1389	NaN	495	1197	691	409	645	1294	438	NaN	716	297
"Heptacosanoic_acid,_n-_(1TMS)_1053682.38_PRED"	1364	1807	592	1032	1861	2861	846	24978	3803	3414	2799	3142	452	2649	1484	477	1902	2672	739	NaN	927	935
"Heptanoic_acid,_n-_(1TMS)_255612.95_PRED"	8798	14563	12046	21550	26324	27317	29313	197349	32920	15416	22860	37662	8071	18798	13087	7434	13691	40810	6812	57572	15238	5077
"Hexadecane,_n-_486353.06_PRED"	72329	56340	53890	36142	46206	69703	40933	296805	29554	58714	54176	48497	37916	39739	33981	32309	39774	71060	32641	35013	57981	35708
Hexadecanoate (1TMS) [MP-1.1]	15922	19597	12966	12900	16669	13507	15560	97738	19882	20474	17726	19149	8456	12990	18195	7613	15161	26819	9811	23894	19781	8927
"Hexanoic_acid,_2-ethyl-_(1TMS)_254181.88_PRED"	16438	28018	24301	43362	52901	54813	59260	392215	65943	30449	45562	75043	15736	37827	25377	14438	27055	81717	13617	118482	30020	10045
Histidine (3TMS) [MP-1.1]	1413	737	392	1092	1555	2008	583	9908	3477	754	210	644	301	689	320	480	481	438	175	611	875	803
Homoserine_(2TMS)_380616.94_PRED	24042	17533	15516	20750	28385	33576	22931	83349	29208	24094	20394	19979	9731	15242	20067	10614	17353	23587	9370	25795	21243	13082
Homoserine_lactone_(2TMS)_458933.88_PRED	930	791	487	585	638	911	542	21479	685	742	1181	1011	842	560	2482	303	479	726	451	1044	552	449
Hydrocaffeic_acid_(3TMS)_667708.25_TRUE	557	711	782	334	363	638	564	715	396	1183	1145	1364	748	423	1197	307	778	1131	472	765	814	220
"Indole-2-carboxylic_acid,_5-hydroxy-_(3TMS)_776979.44_TRUE"	409	488	370	354	517	1159	654	344	1969	1106	954	850	1110	1175	574	938	843	997	769	1071	483	1509
"Indole-3-acetic_acid,_1H-_(1TMS)_668169.31_PRED"	1326	1332	973	1052	1629	1453	1556	9663	1662	1831	1644	1794	779	1155	1296	626	1226	1946	690	2336	1292	710
Inosine_(4TMS)_904803.88_TRUE	789	566	528	415	497	452	390	41219	287	606	413	1133	384	273	982	248	300	380	486	816	540	339
"Inositol,_allo-_(6TMS)_550276.69_TRUE"	6836	6366	5793	4645	6671	7781	6569	NaN	6799	7451	6752	8152	4232	4658	5653	3210	4721	11191	4250	7424	6532	4614
"Isocaproic_acid,_2-oxo-_(1MEOX)_(1TMS)_BP_289992.41_PRED"	4424	3330	1911	2422	3159	2176	3074	159749	2186	3148	3529	3040	1816	1992	2157	1439	2308	5313	1736	4374	1951	1922
Isocitric_acid_(4TMS)_597989.19_TRUE	6531	5339	4284	5051	5894	5699	3379	14340	4748	5106	3102	6156	3222	3732	4281	2662	2781	4864	4305	5113	5819	3809
Isoleucine (2TMS) [MP-1.1]	21952	3715	3508	2614	3213	5789	2631	16065	3029	4414	4182	5334	2907	2868	3817	2216	3491	5935	2344	4419	4762	2753
"Kestose,_1-_(11TMS)_1034658.38_TRUE"	63573	27299	18208	27779	39526	8549	34623	10252	2120	10674	40379	50282	22576	13220	30921	12495	12525	5963	27769	3802	56561	2418
Leucine (2TMS) [MP-1.1]	66876	5458	5356	4256	4952	9060	3846	32860	4815	7021	5957	8309	3478	4241	5995	3492	4744	9740	3621	6538	7204	4150
"Levulinic_acid,_5-amino-_(1MEOX)_(3TMS)_BP_591715.44_TRUE"	2340	2354	2558	2496	2752	2133	2826	1129	2625	2558	2398	2389	2629	2681	2453	3034	2439	2283	2717	2490	2363	2552
"LinoleNaNte, alpha-"	825	1022	890	1132	1036	2896	1513	316	4798	2565	2144	1845	2287	2920	1325	2115	1983	2349	2026	2451	1163	3820
Lysine (3TMS) [MP-1.1]	59115	31760	26010	17440	48392	65583	25804	47221	27382	50100	36594	100889	31275	37643	14490	22404	44130	28433	22020	35138	27338	54404
"Lyxonic_acid-1,4-lactone_(3TMS)_580326.75_TRUE"	857	851	714	538	759	1049	561	1311	648	837	632	727	630	950	816	747	727	1288	814	1286	544	520
Lyxose_(1MEOX)_(4TMS)_BP_488187.75_TRUE	8790	6423	6429	4138	5343	8284	4631	35307	3254	6974	6319	5679	4610	4859	3882	3816	4663	8155	3726	4079	6852	4328
Malate (3TMS) [MP-1.1]	5559	6362	4408	3985	3669	6679	6647	NaN	3353	5920	16347	3789	6583	4975	13358	2475	4175	10760	6678	4860	4581	4494
Malic_acid_(3TMS)_442513.44_TRUE	1979	2491	1741	1471	1392	2243	2549	2503	1215	2198	6324	1433	2464	1971	5150	908	1542	4049	2463	1788	1794	1739
Maltotriose_(1MEOX)_(11TMS)_MP_1072282.38_TRUE	1093	693	301	185	479	401	639	947	192	915	NaN	833	1039	558	144	100	1244	1532	997	312	423	385
Mannitol_(6TMS)_583180.75_TRUE	483	637	545	421	534	828	491	1269	550	658	523	627	451	714	585	453	522	1034	543	703	482	389
Melibiose (1MEOX;8TMS) [MP-1.1]	3134	3416	3596	3116	2568	5176	3885	NaN	3090	6770	2915	3226	3928	5192	3254	3022	3429	12525	7330	2604	3724	5074
Methionine (2TMS) [MP-1.1]	9667	2472	2226	1917	1779	4932	2138	12454	2382	4958	2997	3389	1909	2135	2608	1415	2601	3307	1583	2961	3415	1982
"Mevalonic_acid-1,5-lactone_(1TMS)_454636.47_TRUE"	971	727	461	612	690	846	609	20967	625	705	1304	940	682	545	2300	279	487	774	442	945	532	423
myo-Inositol-1-phosphate_(7TMS)_788938.62_PRED	614	842	576	580	478	944	370	4670	733	903	862	688	532	726	740	367	594	1034	510	816	628	545
NicotiNaNmide (1TMS) [MP-1.1]	8153	7540	7672	4587	5837	8777	5704	6241	2743	7043	17963	9684	5193	4886	6558	2348	4684	11217	3899	4370	8133	2775
NoNaNdecane_653263.69_PRED	250	595	256	248	407	346	204	35686	343	379	375	560	209	90	358	193	161	394	298	556	336	245
"NoNaNn-1-ol,_n-_(1TMS)_336924.19_PRED"	109307	117188	80908	94173	130824	124884	119456	326692	53965	109597	126441	140489	61648	83778	98106	52878	86192	148526	62383	82132	106913	62266
NoNaNnoate ((1TMS)) [MP-1.1]	3030	2325	1870	2575	3436	4277	2916	10217	3553	3016	2579	2385	1232	1978	2462	1336	2206	2890	1229	3476	2568	1501
Norleucine_(2TMS)_337195.69_TRUE	507559	548974	376029	431788	584782	575187	534861	1385355	224752	465738	603869	655803	287715	380177	459347	242372	389572	675042	276663	350760	507203	285900
"Octadecadienoic_acid,_9,12-(Z,Z)-_(1TMS)_775215.19_PRED"	4800	5657	5049	5521	5635	16291	8660	1564	26423	14841	12399	10592	14252	16626	7539	11630	10331	13601	11169	15086	6324	20227
Octadecanoic_acid_(1TMS)_770496.62_PRED	12410	18635	10997	16462	14176	18974	12880	73230	25117	21491	17358	14204	7125	14366	13924	10104	13715	21880	8984	17989	16760	7357
"Octadecatrienoic_acid,_6,9,12-(Z,Z,Z)-,_n-_(1TMS)_768264.69_PRED"	12410	18635	10997	16462	14176	18974	12880	73230	25117	NaN	17358	14204	7125	14366	13924	10104	13715	21880	8984	17989	16760	7357
"Octadecatrienoic_acid,_9,12,15-(Z,Z,Z)-,_n-_(1TMS)_777952.62_PRED"	825	983	890	1132	1036	2896	1513	316	4798	2565	2144	1845	2287	2920	1325	2115	1983	2349	2026	2451	1163	3820
Ornithine (4TMS) [MP-1.1]	7117	3176	2681	1699	3519	6122	2553	4705	2628	4324	4271	5586	1658	2123	1378	1552	2652	3667	1955	3812	4202	2981
Ornithine_(3TMS)_(Derivate_not_found)_492548.84_PRED	22456	16997	16526	11363	13712	22140	12011	87949	8787	17668	16269	16092	11833	11961	11096	10110	12301	22134	10105	10541	18116	11038
Ornithine_(3TMS)_587245.62_PRED	1489	1554	1590	1664	1682	1333	1741	652	1658	1763	1515	1487	1632	1751	1622	1961	1539	1707	1723	1659	1753	1810
Orthophosphate	2061103	1988904	1679115	1524713	1883290	1943201	1735920	3888760	615956	1429613	2179384	2337064	1229603	1253307	1645205	845878	1273037	2351094	896973	1026674	2299609	959110
Oxalic_acid_(2TMS)_236929.91_PRED	96054	53265	47568	100823	50469	151560	45727	327407	91916	61599	48271	64057	30015	17111	41548	35620	42473	66464	35326	49506	51959	19073
Phenethylamine_(2TMS)_490740.62_TRUE	473737	366324	351018	238012	292993	453119	260774	1895076	185033	379203	356139	321796	247037	257639	223794	210344	260299	470705	211902	219774	374253	235566
Phenylalanine (2TMS) [MP-1.1]	17041	2918	3130	2822	2778	5426	2351	20273	2629	4118	2791	3747	2151	2596	3229	1951	2686	4273	1529	2900	3664	2441
Phenylalanine_(1TMS)_492082.22_PRED	47491	37140	34765	23996	30826	45210	26770	198050	19004	38658	35802	32688	24780	25774	22818	20983	25856	47386	21417	22747	38023	23841
Phenylpyruvic_acid_(1MEOX)_(1TMS)_MP_557986.81_TRUE	715	663	664	504	497	1165	531	NaN	1231	1010	612	699	595	587	382	336	509	1324	419	1153	594	639
Proline [MP-1.1]	36882	24294	24997	21484	26214	56724	22804	142183	27168	38059	30888	52066	22562	29393	18152	15509	24999	44723	16415	42962	30330	22205
"Proline, trans-4-Hydroxy- (3TMS) [MP-1.1]"	11426	9755	9901	7454	11268	15395	8891	11858	14160	16653	9792	18102	10085	13160	7166	7777	10783	17967	6579	17249	9340	11999
"Proline,_4-hydroxy-,_trans-_(2TMS)_446416.97_PRED"	1540	1390	1238	1092	1782	1999	1273	NaN	1999	2367	1463	2383	1369	1765	920	1068	1491	2697	895	2500	1309	1616
Proline_(2TMS)_340374.03_PRED	NaN	27306	NaN	19264	22279	33706	22826	105452	17016	36894	35958	38110	15562	16791	25350	9362	25431	44138	18343	33063	29554	17143
Proline_[+CO2]_(2TMS)_534232.75_TRUE	1149	1098	936	785	207	1186	145	1304	111	1147	525	1018	693	649	854	480	157	1499	486	199	996	668
"Propane-1,2-diol,_3-amino_(4TMS)_437787.28_TRUE"	915	845	629	605	1198	798	815	11171	1171	1052	724	1797	656	837	213	484	632	1538	526	1678	742	435
"Propane-1,3-diol,_2-amino-2-methyl-_(3TMS)_305353.78_TRUE"	16732	1518	1516	1057	1336	2350	1045	8948	1273	1958	1581	2296	953	1155	1781	825	1383	2480	902	1610	2045	1090
"Propanoic_acid,_2-amino-2-methyl-3-hydroxy-_(2TMS)_295176.81_TRUE"	652	610	390	386	638	264	543	20630	389	673	596	712	355	283	359	294	425	889	296	913	541	312
"Purine,_6-benzylamino-_(2TMS)_914562_TRUE"	384	458	476	368	260	630	504	266	302	706	438	361	516	633	413	327	439	1442	820	334	391	558
Putrescine_(4TMS)_519185.38_PRED	774	677	1169	4821	1386	3388	848	3085	1048	796	788	827	401	417	6100	589	744	1122	296	1245	1687	385
"Pyridine, 2-Hydroxy- (1TMS) [MP-1.1]"	1922	3182	2740	1020	2288	1686	2300	22117	2126	4088	4101	4292	2028	1573	2914	776	2503	5332	1965	4713	2948	1841
"Pyridine, 4-Hydroxy- (1TMS) [MP-1.1]"	3319	2741	1651	2066	2720	1980	2377	108860	1942	2690	3067	2614	1378	1805	1748	1179	2002	4012	1446	3968	1757	1450
"Pyridine,_3-hydroxy-_(1TMS)_283546.44_PRED"	396	794	564	194	515	346	542	2917	359	868	801	844	439	237	575	145	563	1034	394	1177	615	392
Pyroglutamate (2TMS) [MP-1.1]	7700	4956	5378	3774	4625	5505	4073	294232	4101	6547	10078	5232	5844	2808	8690	2044	4070	6129	4117	4973	5258	3235
Pyroglutamic_acid_(2TMS)_507313.84_TRUE	61442	43882	38442	33698	36917	40883	27849	634639	33466	46166	45869	53127	33464	29813	42798	20536	27076	58458	35179	41295	44450	26384
Pyrophosphate [MP-1.1]	18103	21514	21955	13258	12012	39861	14641	12945	40544	31230	17083	23912	16114	15405	8673	9757	14912	52958	12131	40029	13048	19464
Pyruvate (1MEOX;1TMS) [MP-1.1]	2435	2774	2270	2241	2301	3490	1745	1865	3260	3836	2038	3715	1483	1075	1323	1023	1320	4367	1020	2459	2443	1822
Pyruvic_acid_(2TMS)_209817.64_TRUE	5900	5055	5227	3937	5334	7107	5154	15715	5581	6833	7524	8255	4650	5475	4827	3188	5056	10012	3258	9202	5743	5173
Raffinose_(11TMS)_1033496.5_PRED	3731	1656	1092	1582	2294	500	2083	905	188	664	2260	2924	1349	759	1712	737	751	429	1588	342	3237	172
Rhamnose (1MEOX;4TMS) [MP-1.1]	948	839	3334	458	3341	4267	782	16731	430	3019	3678	3899	2257	2337	1674	1750	2033	4577	1987	3039	3927	2203
Rhamnose_(1MEOX)_(4TMS)_BP_570616.31_PRED	4298	3251	2568	2275	2628	2549	2556	18891	3780	3462	3404	1828	2394	2120	3695	1357	2671	5072	4300	3101	2770	3890
Rhamnose_(1MEOX)_(4TMS)_MP_517543.41_PRED	1185	1164	4082	4031	4003	6583	1224	17314	1061	3106	3888	4015	2334	2373	5418	2006	2460	5053	1997	3675	4750	2432
Riboflavin (brk) [BD;1.1]	897	819	606	239	645	576	759	5014	1590	1132	1992	830	1072	1245	1300	400	852	1402	1199	1819	453	1111
"Ribonic_acid-1,4-lactone_(3TMS)_550463.56_TRUE"	55603	50192	47221	38216	51582	63524	51014	8204	51524	56614	55362	64565	35617	36735	46659	25078	36745	90136	34233	58363	52615	38845
Ribose-5-phosphate_(1_MEOX)_(5TMS)_BP_707635.88_TRUE	608	708	438	331	545	816	414	968	707	831	345	661	453	401	569	307	554	1278	383	671	525	600
Sarcosine_(2TMS)_233204.59_TRUE	1280	1502	1163	1243	1514	1113	943	3646	1454	1451	1274	1768	840	875	835	807	950	2321	466	2740	1584	1412
Serine (3TMS) [MP-1.1]	21117	14040	13157	13476	15393	17526	12095	61372	14947	17052	8605	26263	12329	12847	13891	8613	12010	16786	10049	17030	15983	9559
"Serine,_N-acetyl-_(2TMS)_491357.06_PRED"	146476	105795	108073	68423	83771	136616	72333	555049	50601	107386	102994	91372	74469	73972	65144	64209	73774	136836	62817	61444	115433	72506
"Serine,_O-acetyl-_(2TMS)_410213.62_TRUE"	1751	3786	2511	103	1909	134	2020	8310	144	5138	4569	5077	2062	135	1562	NaN	2939	5539	2028	5990	3237	1311
Serine_(2TMS)_328955.09_PRED	17398	19343	13569	15639	21546	20504	19660	50678	8069	17704	21076	23758	10172	13720	16108	8827	14052	24741	10124	13254	17577	10360
Siloxane_596806.25_PRED	767	737	572	660	NaN	788	552	1508	638	709	547	709	521	553	632	455	513	633	625	640	678	555
Siloxane_739483_PRED	515	919	819	424	584	591	621	3303	1035	1078	785	1063	459	1023	771	296	773	1394	426	1384	898	251
similar_to_Asparagine_Derivate_505075.09_PRED	1453	800	983	821	957	994	825	64002	869	1253	1943	1030	1105	558	2040	440	730	1096	735	892	1059	580
similar_to_Diethanolamine_(2TMS)_335362.44_PRED	1982	1968	1364	1555	2093	2260	1860	5091	848	1627	2260	2543	1118	1372	1621	923	1368	2513	1063	1091	1909	1057
similar_to_Fructose_Derivate_604774.88_PRED	905	487	778	523	493	1812	827	505	1352	1931	426	495	636	806	690	445	963	2301	504	837	779	789
similar_to_Fructose_Derivate_608269.19_PRED	905	487	778	523	493	1812	827	351	1352	1931	426	495	636	806	690	445	963	2301	504	837	779	789
"Sorbitol, U13C-"	29374	28420	23681	22247	32677	31065	32595	148010	31456	37681	39478	37616	18010	24849	29030	13247	23614	48455	17640	46733	30667	17789
SucciNaNte (2TMS) [MP-1.1]	3197	3339	2618	1265	2160	2270	3541	20097	2862	3621	11465	1445	4852	3297	9122	2033	4722	5922	6971	6560	2744	4842
Succinic_acid_(2TMS)_365265.25_TRUE	29764	31782	24300	11031	18751	21284	29919	182700	26734	31542	103089	14193	42745	29962	80667	18576	43420	56186	62099	59996	22854	40759
"Tetradecan-1-ol,_n-_(1TMS)_592555.94_PRED"	39468	38056	41983	42268	42893	38227	44375	13267	44157	43676	42252	39491	42787	45852	42735	49780	40682	40948	46463	42556	39473	43771
Tetradecanoic_acid_(1TMS)_616607.75_PRED	4373	2518	2064	1358	3534	4573	2061	5315	1919	3514	2615	6783	2210	2753	1179	1580	2999	2278	1611	2551	2031	3530
Tetradecanoic_acid_methyl_ester_(FAME_MIX)_489255.38_PRED	403635	308916	298003	202324	249110	380272	219365	1620949	160879	318088	307156	278276	207571	217232	195091	176629	219653	401701	179006	195575	327126	199672
"Tetradecenoic_acid_methyl_ester,_9-(Z)-,_n-_572839.69_PRED"	2067	1411	1036	1007	1189	894	1049	8758	1498	1373	1381	844	1141	1034	1648	596	1246	2112	1845	1503	1135	1750
ThreoNaNte (4TMS) [MP-1.1]	1920	1367	900	1194	1281	1727	1186	38891	NaN	1481	2320	2064	1402	1353	4569	636	949	1781	902	2032	1194	913
Threonine (3TMS) [MP-1.1]	13314	9132	8266	7075	8407	12290	7115	36976	8818	11205	7951	14017	18847	7588	8527	4928	7960	10949	5859	10453	10027	6182
"Threonine,_O-methyl-,_L-_(2TMS)_334293.72_PRED"	2041	2004	1490	1706	2340	2208	1990	6767	1111	2121	2113	2827	1281	1778	1641	944	1615	2898	1204	1987	NaN	1272
Threonine_(2TMS)_341020.03_PRED	36657	27306	27275	19264	22279	33706	22826	105452	17016	36894	35958	38110	15562	16791	25350	9362	25431	44138	18343	33063	29554	17143
"Tridecan-1-ol,_n-_(1TMS)_547762.06_PRED"	31722	34212	24693	27218	39253	35987	37284	10140	42172	44393	37482	41831	19200	27177	32675	15437	27739	51256	18659	57127	32240	19849
"Tridecane,_n-_342778.75_PRED"	90328	69448	68816	49810	58969	87950	59919	275130	46079	92620	92193	99780	38358	44740	67477	25334	63858	110577	46829	88865	74950	43922
Tridecanoic_acid_586610.62_PRED	33728	32508	35918	36586	37688	32407	38306	7650	38487	37691	36325	33911	36899	38795	36542	43487	35943	34279	40160	35191	33332	37579
Triethanolamine_(3TMS)_493189.91_PRED	68296	49306	50672	31047	38471	64154	33743	250517	23077	49533	47779	41986	34623	34225	28113	30272	34470	61749	28965	27714	53519	32877
Tropine_(1TMS)_336960.03_PRED	34794	35566	25854	26735	37458	36720	34088	86883	13745	29155	37364	39243	19351	24384	28479	15416	23980	40895	17475	21810	34545	17725
Tropinone_(1MEOX)_343648.91_PRED	31418	23339	24364	16839	19518	30206	20418	91546	15303	31438	30809	34028	13765	14802	21773	8555	21455	38247	15965	30411	25173	14874
Tryptophan (3TMS) [MP-1.1]	3996	873	459	1140	1489	1323	1160	10988	1590	1321	525	598	363	968	475	737	735	938	267	1380	888	859
Tryptophan_(2TMS)_815325.06_TRUE	712	652	518	496	703	795	619	3927	781	876	852	912	392	592	735	324	575	1082	347	1218	718	429
Tyrosine (3TMS) [MP-1.1]	10048	3792	3776	3717	4493	7823	4764	30153	5392	7685	3906	6858	3138	4169	3944	2549	4613	5115	1778	3987	5453	3906
Uracil (2TMS) [MP-1.1]	780	388	247	460	442	593	287	8275	519	433	341	313	2415	528	319	317	NaN	364	149	621	274	195
Uracil_(2TMS)_392037.44_TRUE	780	388	247	460	442	593	287	8275	519	433	341	313	2415	528	319	317	243	364	149	621	274	195
Urea (2TMS) [MP-1.1]	182444	126213	129783	91903	105802	165696	110191	506951	83536	170763	173650	184943	73686	83774	122820	46167	115133	208334	89621	151364	139598	84040
"Valeric_acid,_3-hydroxy-3-methyl-_(1TMS)_235895.11_PRED"	9729	5466	4910	10579	5064	15995	4824	33835	9317	6142	5083	6475	3045	1718	4150	3576	4143	6946	3644	4916	5255	1989
Valine (2TMS) [MP-1.1]	28628	9651	10121	8067	9033	17403	8942	36759	9866	12434	13571	15925	8216	8557	10200	5767	9900	17491	5817	14339	13382	7821
