putative Compound	hum_101_7 _spl	hum_102_7 _spl	hum_103_7 _spl	hum_104_7 _spl	hum_105_7 _spl	hum_106_7 _spl	hum_120_7 _spl	hum_121_7 _spl	hum_141_7 _spl	hum_153_7_spl	hum_98_7 _spl	Wt_132_7 _spl	Wt_133_7 _spl	Wt_134_7 _spl	Wt_135_7 _spl	Wt_142_7 _spl	Wt_147_7 _spl	Wt_148_7 _spl	Wt_152_7 _spl	Wt_91_7 _spl	Wt_wt7_7 _spl
(std.i) U13C-Sorbitol	1552	1552	1552	1552	1552	1552	1552	1552	1552	1552	1552	1552	1552	1552	1552	1552	1552	1552	1552	1552	1552
2-Piperidinecarboxylic_acid_(1MEOX)_(2TMS)_549118.94_TRUE	727	13396	13478	14790	11550	13634	2305	13456	11057	16031	12248	14520	15269	17304	12281	10395	11927	11516	7277	10753	8895
2-Piperidinecarboxylic_acid_(2TMS)_375026.84_TRUE	3272	3078	3111	1960	4235	3728	2016	2771	3121	6755	2013	3077	4170	4549	3503	2635	4463	3496	3160	1716	3579
4-Hydroxyphenyl-beta-glucopyranoside_(5TMS)_872154.19_TRUE	28181	672	1187	1278	834	665	95	433	495	1506	851	705	1053	821	421	2284	635	668	1806	822	511
"Aconitic_acid,_cis-_(3TMS)_581908.81_TRUE"	481	20378	14890	6082	13379	6791	1254	6269	12709	20939	45953	11407	14408	25805	25966	5223	11934	16746	7146	12019	15068
Adenine (2TMS) [MP-1.1]	1358	1124	1646	1042	1731	1150	1122	774	934	2461	1571	1021	1866	1767	1304	1263	1154	925	1390	868	893
Adenine_(1TMS)_586048_PRED	2143	26527	21857	18028	22043	19597	10548	22420	21511	34796	38370	25325	28243	33139	27240	16905	23376	23109	14457	21808	19148
Adenosine 5-P (|ADP|ATP) (5TMS) [MP-1.1]	20405	27062	34475	41362	26592	42169	26032	40345	38131	15222	33281	40518	35765	42595	40397	23935	45061	33153	29819	24111	31529
"Adipat, 2-Amino-"	164	476	607	553	459	622	260	574	614	957	476	739	873	943	827	538	782	711	716	362	488
Agmatine [MP-1.2]	243	1517	1685	1320	1677	NaN	497	1344	1560	NaN	1417	2281	2488	2202	1629	1614	1579	1435	1371	964	1117
Agmatine_[-NH3]_(3TMS)_578698.75_PRED	1558	3930	3123	2946	2642	3360	5731	2625	2996	3401	2245	3956	4499	3743	3145	2292	4031	2606	3698	2394	2327
Alanine (2TMS) [MP-1.1]	43448	59379	63373	55098	49339	92149	27915	76893	80797	138546	66435	69850	80527	99976	59859	70700	90668	71403	77451	56000	81426
"Alanine, beta- (2TMS) [MP-2.1]"	NaN	4768	6171	3909	4070	4988	3135	11532	7223	4966	4493	4658	5621	9393	3867	3494	4711	4174	2847	3221	3674
"Alanine, beta- (3TMS) [MP-1.1]"	954	1366	1182	NaN	1133	945	211	1058	1603	1665	5565	940	1384	1960	1674	440	775	1275	607	968	706
"Alanine,_beta-_(2TMS)_273369.53_TRUE"	385	3365	4485	3712	3478	7113	1114	7054	5320	5516	696	5161	6614	6363	2917	3882	4661	4262	5134	2957	2491
"Alanine,_beta-_(3TMS)_394745.44_TRUE"	1062	1359	850	385	945	704	167	558	1004	1498	5581	850	1343	1577	1474	351	660	1197	455	1005	632
Alanine_(3TMS)_355868.03_PRED	4349	13048	13837	10241	12221	15462	3808	13294	12295	34285	12682	12578	14970	19995	11200	13534	16628	13440	12875	9025	10738
Allantoate	211	973	1332	944	987	1427	1283	729	416	1734	347	1422	1358	1674	1200	1173	568	534	585	425	527
Allose_(1MEOX)_(5TMS)_BP_588062.44_PRED	NaN	44610	43278	46785	47117	53534	61683	50052	55562	42062	55821	51089	52809	41866	43484	52888	50804	48834	50035	51691	56303
Allose_(1MEOX)_(5TMS)_MP_577900.56_PRED	63	1133	2099	1489	1018	1081	137	2436	1009	1025	1062	1006	1218	2202	1309	627	1123	793	860	1264	857
Arabinonic_acid_(5TMS)_546660.38_TRUE	40	651	665	775	626	648	138	702	825	799	557	936	679	909	674	550	966	731	752	568	558
Arabinose_(1MEOX)_(4TMS)_MP_498992.12_TRUE	1869	2032	NaN	1076	2413	1596	1926	1385	1287	4566	3813	1455	1576	1958	1205	1971	3042	2058	2516	2695	1762
Arabitol_(5TMS)_503104.56_PRED	118	2959	3767	3063	3463	3315	2236	3464	3095	5645	1637	3714	4276	4897	3420	2717	4492	3473	5087	2079	2721
Arginine [MP-1.1]	NaN	11660	18978	9519	16245	11387	3442	14340	7924	15188	4129	11781	14507	20247	8058	7622	9892	8703	7169	5021	8018
Arginine_[-NH3]_(2TMS)_582688.25_PRED	1197	54944	38483	17643	35721	17552	3287	17237	32956	52285	120376	29001	37641	62979	63022	13161	31569	43120	16764	31872	39250
"Ascorbate, 1-Dehydro- (dimer;2MEOX) [MP-1.1]"	93	40286	44753	38995	30619	28108	4179	40716	34610	52341	12217	41432	44098	55879	36937	26724	45867	34730	38571	644	26826
Ascorbic_acid_(4TMS)_652392.44_TRUE	NaN	7490	9208	7152	7804	9021	21853	9479	9907	12357	10578	11165	11676	11404	8032	7790	10080	8534	10860	6403	8081
Asparagine (3TMS) [MP-1.1]	26245	515309	539862	590202	443445	524975	80137	533616	435627	593081	458060	568564	581937	667794	474779	406195	471728	450204	283301	417002	352853
Asparagine (4TMS) [NN-5.1]	24	3603	3705	2295	4989	4020	900	2309	1637	6993	3010	5737	6050	7658	6351	6266	2179	2898	3957	1136	2056
Asparagine (-H2O;2TMS) [NN-3.1]	204	8138	8584	9086	7509	8351	2466	9151	9062	10581	9536	7906	10302	9444	7632	4934	11460	8713	6414	7209	6872
Asparagine_(3TMS)_550488.31_TRUE	8531	170555	175202	198152	142342	173242	24875	187859	202860	191684	151853	212423	187877	231941	159650	134994	229533	182191	156454	137875	156069
Asparagine_(4TMS)_BP2_626664.06_TRUE	51	850	850	797	764	673	183	795	658	1152	283	790	951	1161	708	637	1023	798	756	32	605
Aspartate (3TMS) [MP-1.1]	5578	196781	257941	182687	193651	264319	20598	202109	232793	269469	191363	253118	325277	315911	223241	171884	211266	179684	219409	144075	176650
Aspartic_acid_(2TMS)_458076.97_TRUE	1583	45327	60038	42694	46155	60738	5407	46932	52754	62720	45513	59987	75198	72863	51936	38947	48163	41719	50161	36572	39761
Aspartic_acid_(4TMS)_550990.62_TRUE	4288	81030	83159	92047	67406	81363	12363	89220	89078	90793	72579	99527	90658	109066	73294	63778	101836	83714	64760	64816	70462
Benzoate (1TMS) [MP-1.1]	445	960	1498	850	1307	879	390	1059	723	1206	1007	688	1125	825	725	674	798	864	491	683	588
"Benzoic_acid,_3-hydroxy-_(2TMS)_507250.44_TRUE"	23	4096	5767	5879	4543	6348	892	6782	6279	6797	107	8363	7045	7780	3990	5528	7540	5008	7517	3216	4267
"Benzoic_acid,_4-amino-_(2TMS)_650574.94_TRUE"	796	12540	16808	12804	13152	16180	54087	17433	17870	22028	19294	19025	21404	19050	13411	14565	19107	15681	20116	11333	14588
"beta-Galactopyranosyl-1,3-arabinose,_D-_(1MEOX)_(7TMS)_879025.31_PRED"	12966	493	541	527	484	366	107	262	294	653	475	361	550	380	304	883	316	354	718	428	269
"Butane,_1,2,4-trihydroxy-_(3TMS)_345095_TRUE"	52378	88053	102108	122043	75819	148103	72481	114438	122459	159458	151789	91695	93588	109905	60857	100545	136704	114253	95265	142258	82064
"Butanoate, 4-Amino- (2TMS) [MP-2.1]"	24930	41508	50005	56314	36184	67730	35080	53835	57497	76009	68268	42627	43930	53211	29538	46576	62865	53160	47758	66602	38260
"Butanoate, 4-Amino- (3TMS) [MP-1.1]"	86	6665	6046	3539	5835	2514	1260	3751	4980	8602	8702	5295	6337	7215	5993	2810	5871	6205	3553	5790	4679
"Butanoic_acid,_2,4-diamino-_(4TMS)_519172.62_TRUE"	108	899	650	384	750	659	394	286	608	915	1091	807	782	788	865	439	444	642	443	645	709
"Butanoic_acid,_2-amino-_(2TMS)_249223.84_TRUE"	392	550	528	444	717	636	702	405	419	1177	209	479	726	638	606	519	701	512	650	265	376
"Butanoic_acid,_2-oxo-_(1MEOX)_(1TMS)_MP_252911.77_PRED"	NaN	320362	408252	268576	177323	191354	124682	576711	407361	226064	41205	185240	242140	460543	100595	145467	228197	213723	79616	147025	207435
"Butanoic_acid,_3-hydroxy-_(2TMS)_249401.72_PRED"	634	643	552	681	1995	603	1317	609	447	2123	472	1016	583	911	1853	461	2783	1333	1620	350	452
"Butanoic_acid,_4-amino-_(2TMS)_342578.41_TRUE"	4716	8935	11315	11886	8468	15069	7255	11487	12151	17411	14222	9596	10316	11786	6789	10559	13681	11418	11127	13550	8247
"Butanoic_acid,_4-amino-_(3TMS)_452983.28_TRUE"	5681	190897	246611	178995	188112	250460	20603	193128	219491	260504	183809	243250	309459	302358	214381	162869	201845	172444	206332	140372	166918
"Butyrate, 2-Amino- [MP-1.1]"	392	714	635	444	717	789	702	466	419	1376	353	625	840	1037	606	519	701	512	650	424	376
"Butyrate, 3-Hydroxy- [MP-1.1]"	634	643	552	681	1995	603	1317	609	447	2123	472	1016	583	NaN	1853	461	2783	1333	1620	350	452
"Butyric_acid,_2,4-diamino-,_DL-_(3TMS)_438050.91_PRED"	156	3143	3035	4012	2235	2962	175	4397	4752	3190	5768	3755	4139	3884	2551	2480	4467	3556	2446	3466	3497
"Butyric_acid,_3-amino-,_DL-_(2TMS)_281258.31_PRED"	NaN	56746	13418	26801	15211	20861	9074	25877	35016	18285	59500	18630	10722	32791	22194	5203	29831	33896	8056	39818	31870
"Butyro-1,4-lactam,_2-amino-_(2TMS)_452058.31_PRED"	50	1713	1387	999	1363	636	404	896	1175	2330	2242	1380	1399	1645	1450	756	1469	1459	921	1377	1194
"Butyro-1,4-lactam_(1TMS)_241244.02_PRED"	54	8567	14332	4202	8552	8488	13331	6262	4340	18023	NaN	7187	16853	13501	6776	11009	5533	7604	9688	749	2540
Calystegine_A3_(1MEOX)_(3TMS)_BP_588253.69_PRED	19821	2623	2482	2543	2934	3005	3457	2653	3049	2454	3226	2885	3017	2504	2576	3118	2873	2693	2906	2962	3266
Calystegine_A3_(1MEOX)_(3TMS)_MP_554707.88_PRED	57	884	878	1026	822	853	172	865	797	940	734	1140	959	1093	772	709	834	795	731	759	648
Calystegine_B2_(1MEOX)_(3TMS)_BP_620736.44_PRED	81	669	812	688	606	498	319	664	580	969	294	666	843	809	682	465	792	633	669	84	429
Calystegine_B4_(1MEOX)_(3TMS)_598843.25_PRED	54426	4541	5245	4770	4609	5107	4733	4963	4982	5465	5620	5101	5370	5109	4502	5219	5574	4910	5287	4640	5047
"Caproic_acid,_2-oxo-_(1MEOX)_(1TMS)_326540.84_PRED"	476	1183	1012	596	978	932	830	580	758	1255	1835	668	998	1353	983	493	700	829	445	1011	713
Cellobiitol_(9TMS)_870156.12_PRED	42717	770	1583	1762	973	878	83	413	488	1675	1148	714	1267	908	436	3419	760	796	2493	1099	530
"Cholesterol, D6-"	1803	7061	7073	7204	6333	6559	NaN	6667	5164	7373	6390	6476	7911	7720	5866	5131	NaN	5448	3413	5418	4340
"CinNaNmic_acid,_2-methoxy-,_cis-_(1TMS)_527345_PRED"	274	1038	1249	961	1119	1268	407	1072	981	3253	953	1290	1226	1649	980	1246	1632	1235	1192	826	734
"CinNaNmic_acid,_3-hydroxy-,_trans-_(2TMS)_653564.75_TRUE"	644	11104	14026	10538	11509	14214	51199	15319	15643	19426	16902	16753	18104	16623	12046	12734	16650	13993	19039	9774	12772
"CinNaNmic_acid,_3-methoxy-,_cis-_(1TMS)_587950.5_TRUE"	699	12263	9744	6274	9578	6947	3427	7605	8949	14925	22297	9973	11163	15869	13959	5780	9630	10912	5755	8980	9115
"CinNaNmic_acid,_3-methoxy-,_trans-_(1TMS)_649428.75_TRUE"	4199	74350	90473	71037	74592	91469	301251	99005	102614	121498	110033	107855	118187	109443	77096	82204	106251	87750	113752	65179	81938
Citrate (4TMS) [MP-1.1]	3177	7751	8633	9678	8851	10433	4249	9438	8986	11247	8746	8349	9593	8554	7925	5966	11031	8838	8927	7239	7545
"Cysteine,_N-acetyl-_(3TMS)_554708_TRUE"	75	717	696	762	543	780	159	755	646	1212	526	771	842	1008	709	606	775	712	562	569	575
"Cysteine,_S-methyl-,_DL-_(1TMS)_354018_PRED"	431	1148	1396	867	1090	1526	328	1171	1283	3449	1129	1243	1293	1814	1148	1313	1613	1248	1151	921	1095
Cysteine_(3TMS)_479326.28_TRUE	325	6213	6141	5652	5980	8482	23359	5861	5143	15877	7085	6931	7666	8418	5179	12360	6925	7117	10573	5358	4762
Cystine_(4TMS)_791615.31_TRUE	77	NaN	295	269	307	473	11615	301	73	651	255	362	329	513	350	377	114	165	321	316	109
Dehydroascorbic_acid_(2MEOX)_BP_639171.94_PRED	NaN	5979	6716	6671	4456	4095	593	6478	5790	7928	2427	6305	6860	8576	5395	3946	7306	5160	6096	161	4525
Diethylenglycol_(2TMS)_306329.94_PRED	141	690	558	453	596	629	195	509	517	1422	630	470	594	869	416	505	840	506	636	306	514
"Docosahexaenoic_acid,_4,7,10,13,16,19-(Z,Z,Z,Z,Z,Z)-_(1TMS)_907201.25_TRUE"	636	4299	3293	2166	4149	2629	1844	2565	1596	9084	6314	2509	2921	3812	1952	3078	6451	3018	4535	3713	2809
Docosanoic_acid_(1TMS)_904290.44_TRUE	420	2957	2341	1279	2777	1920	1249	1599	1123	5792	4202	1665	2112	2554	1224	2059	3996	1935	3187	2464	1800
"Docosenoate, 13Z- (1TMS) [MP-1.1]"	587	4370	3199	1854	4082	2893	1961	2550	1595	8972	6248	2393	2908	3970	1834	2990	6105	3023	4533	3543	2780
Dodecane_260776.19_PRED	NaN	33402	40678	27649	19084	20427	13383	50942	37090	24566	4469	20501	25849	44735	10767	15492	23621	21882	8824	15758	21401
Dodecanoate (1TMS) [MP-1.1]	144	853	1100	873	838	712	433	907	600	723	623	620	949	930	755	517	817	664	509	505	670
"Dotriacontane,_n-_1074008.75_PRED"	298	1070	977	1215	856	911	NaN	973	839	1205	971	1017	1158	1082	817	796	102	797	496	806	622
Eicosanoic_acid_methyl_ester_(FAME_MIX)_818614.44_PRED	160	731	737	678	660	700	364	675	445	799	728	631	843	754	507	498	609	579	311	558	401
Ergosterol_(1TMS)_1051145.12_PRED	936	1256	1584	1903	1296	1950	1174	1799	1629	813	1409	1949	1601	2066	1832	1077	2053	1621	1407	1150	1393
"Erythronic_acid-1,4-lactone_(2TMS)_462181.38_TRUE"	1166	40238	53644	37263	39959	54507	4049	40948	48757	56139	40444	52648	67207	65391	46634	35265	44034	37080	46337	29379	36703
Ethanolamine [MP-1.1]	205	121872	24726	56283	30603	43469	18090	46308	68642	36897	132064	38603	19791	62740	46895	9742	63010	71015	16345	86998	68470
Ethanolamine_(3TMS)_321815.91_PRED	47645	83444	67449	34873	68680	59888	69169	33804	60863	104562	157574	55480	75470	108250	81299	35601	53827	66686	33805	80880	58344
FAME C10:0	35013	132756	128159	125433	123903	130083	71868	113541	97655	145701	131677	118819	153219	144180	97008	92020	103395	98299	57394	98449	80127
FAME C12:0	34928	174716	160890	156062	156876	157436	86932	144658	123542	180193	151829	155492	194227	182199	132990	116210	129853	122314	75693	120656	99561
FAME C14:0	38213	196667	176947	172390	168361	172147	98542	158471	138946	202631	159160	164173	218914	200477	141311	126872	141116	130044	82434	130979	110522
FAME C16:0	34064	151768	145973	136305	138651	139085	78589	124654	105608	164406	136580	130967	168614	161482	115101	96761	111405	108462	63693	102288	87299
FAME C18:0	12440	54426	51302	47417	49098	49064	28354	41812	37097	58966	48213	45855	59240	55966	40432	37306	40974	39291	22707	35325	31132
FAME C20:0	11106	52448	48608	46007	47276	46028	27441	42379	34719	56070	44640	44604	57913	53607	39430	33704	38318	36592	22864	35676	30820
FAME C22:0	10356	45952	41366	39048	39235	41796	24184	35470	28845	45960	37870	38013	47501	46516	32949	28974	32659	30688	19346	30455	24298
FAME C24:0	7587	33492	32680	30158	30604	31267	18314	27123	21823	36376	29230	26711	38663	34515	24720	21738	23539	23247	13904	22621	18776
FAME C26:0	5107	25515	24358	24521	23304	25065	15620	21272	16715	29686	22133	21806	29926	26219	19735	16953	22083	17754	11391	18335	15047
FAME C28:0	3927	17171	17710	17984	17149	18804	14544	16199	12860	20170	16136	17209	22375	19852	14742	12743	20226	14224	8478	14069	11290
FAME C30:0	1680	7969	7771	9079	7060	7821	9149	7511	6200	8259	7352	12942	10139	9029	6581	5590	12810	6810	3801	6454	5043
FAME C8:0	9159	102116	103192	94732	89409	98871	53989	120984	95496	107179	80839	90219	107119	127907	64483	66608	79828	73397	41949	74932	61823
FAME C9:0	19976	99432	94669	92276	93182	98345	54543	85467	74449	110758	103569	91506	108685	110162	69685	67455	79417	71967	41390	76758	60823
Fructose (|Psicose) (1MEOX;5TMS) [MP-1.1]	1020	2434	2501	2406	2144	2318	1004	2607	1998	3527	2501	2542	2947	2502	1922	1391	3029	2277	2942	2282	2253
Fructose (|Sorbose) (1MEOX;5TMS) [MP-1.2]	818	1293	1596	1547	1325	1523	503	1460	1220	2068	1815	1552	1659	1275	1264	835	1660	1480	1767	1269	1258
Fructose 6-P (1MEOX;6TMS) [MP-1.2]	140	1056	1087	1244	1241	1489	58	1820	3070	1795	1638	2581	2177	1938	1667	1659	2134	2531	1704	2090	2555
"Fructose,_D-_(5TMS)_622992.38_PRED"	619	7874	8763	7733	6492	5718	1330	8007	6912	10319	2629	8391	9061	11127	7578	5608	8918	6724	7565	329	5371
Fructose_(1MEOX)_(5TMS)_BP_585803.75_TRUE	NaN	23206	23011	24106	24875	27603	30997	26123	29132	22466	28900	26409	28114	21772	22414	27243	26678	25736	26076	26628	29436
Fucose_(1MEOX)_(4TMS)_MP_522432.03_TRUE	186	839	1221	814	789	774	743	878	754	963	882	1014	822	1123	763	689	820	658	861	550	588
Fumarate (2TMS) [MP-1.1]	2800	2639	2423	1595	4007	2967	1293	1958	2536	5886	1743	2679	3308	3728	2949	2163	3798	2898	2780	1671	2941
Galactaric_acid_(6TMS)_658294.38_TRUE	3880	69096	86673	66374	72000	88190	264360	94485	95679	115185	102908	102299	111347	102428	73530	76838	98997	82216	102284	60313	76674
"Galactono-1,4-lactone [MP-1.1]"	1838	2392	3111	2281	2382	2854	NaN	2362	2559	2862	2035	2635	3245	3223	2453	1903	2614	2103	2231	1533	2125
"Galactopyranoside,_1-O-methyl-,_alpha-_(4TMS)_585464.62_TRUE"	NaN	25976	25875	26906	28847	30293	36040	28002	31847	25343	32061	30750	30516	25596	25476	31196	28954	28967	30246	29416	32666
"Galactopyranoside,_1-O-methyl-,_beta-_(4TMS)_598177.19_TRUE"	74298	8927	10982	7611	10017	8112	8034	9229	7859	12978	7873	9458	9953	11640	10432	9081	9262	8436	8902	7732	8392
"Glucaric_acid-1,4-lactone_(4TMS)_660551.44_TRUE"	4743	800	986	858	708	1063	1182	954	1146	828	665	1084	928	772	914	878	866	873	946	975	1076
GlucoNaNte|GalactoNaNte [MP-1.1]	NaN	19543	22621	18415	15518	13519	2654	20201	16822	24864	6191	19817	21709	27488	18096	13331	22653	17054	19236	405	13633
"Gluconic_acid,_2-oxo-_(1MEOX)_(5TMS)_BP_593592.06_TRUE"	19030	2222	2333	2483	2582	2494	2848	2640	2824	2171	2991	2518	2695	1942	2069	2479	2540	2348	2344	2740	2757
"Gluconic_acid-1,4-lactone_(4TMS)_646839.44_PRED"	2070	556	648	1130	747	1403	1862	1837	937	779	914	1075	894	726	957	1211	938	718	1127	1132	576
"Gluconic_acid-1,5-lactone_(4TMS)_625723_PRED"	181	19543	22621	18415	15518	13519	2654	20201	16822	24864	6191	19817	21709	27488	18096	13331	22653	17054	19236	405	13633
Glucopyranose_[-H20]_(4TMS)_561007.94_TRUE	896	2231	3593	3447	2823	3391	879	3339	3139	4380	1086	3152	3776	3261	2325	2505	3085	2156	3370	1663	2308
"Glucopyranoside,_1-O-methyl-,_alpha-_(4TMS)_613929.06_TRUE"	909	1669	1946	1022	2045	1791	850	1163	1324	3868	1168	1864	2379	3261	2152	1720	1503	1769	1428	1061	1433
Glucose (1MEOX;5TMS) [MP-1.2]	157320	14186	14755	14012	15017	15399	16337	15546	15396	15345	15928	15634	15456	14588	13761	15610	15604	14429	15006	14355	15758
Glucose 6-P|Galactose 6-P (1MEOX;6TMS) [MP-1.1]	2837	958	439	354	752	474	261	366	541	10289	1135	403	NaN	563	346	512	785	682	457	788	469
"Glucose,_2-amino-2-deoxy-_(4TMS)_BP_659366.94_PRED"	737	838	652	466	721	477	453	693	606	3407	649	616	744	1061	548	650	1141	700	714	676	566
"Glucose,_2-amino-2-deoxy-_(5TMS)_MP_600525.75_TRUE"	3768	2683	3342	1903	2994	1570	1390	2132	1255	4810	1297	2215	2905	4008	3311	2152	2586	2122	1895	1353	1498
Glucose_(1MEOX)_(5TMS)_BP_599322.19_TRUE	95519	5786	6238	6129	6077	6812	7499	6769	6803	6227	7052	6726	6672	5779	5982	6493	6452	6463	6465	6307	7430
Glucose-6-phosphate_(1MEOX)_(6TMS)_MP_775879.88_PRED	2837	958	439	354	752	474	261	366	541	10289	1135	403	474	563	346	551	785	682	457	788	469
GlucuroNaNte (1MEOX;5TMS) [MP-1.1]	NaN	268	430	271	396	407	3401	223	278	528	354	449	513	396	351	332	411	331	279	243	336
Glucuronic_acid_(1MEOX)_(5TMS)_MP_619868.12_PRED	1481	325	406	262	299	338	10804	232	311	461	358	315	363	390	273	540	388	460	327	318	244
"Glucuronic_acid-3,6-lactone_(1MEOX)_(3TMS)_MP_657311_TRUE"	NaN	129221	162511	122539	134345	163145	562173	175484	182264	215038	194887	194570	210366	194820	137555	144842	189807	156075	207651	112513	146140
Glutamate (3TMS) [MP-1.1]	5530	206653	264995	241773	258150	265900	163087	260559	243939	406793	103880	289412	317489	361556	259556	204603	367770	265040	392274	141241	212078
Glutamine [MP-1.1]	14766	45019	56176	29848	50680	22387	18969	33091	15832	80523	12514	33902	44665	65836	59576	30540	40601	31038	26898	17280	21761
"Glutamine,_N-acetyl-,_DL-_(3TMS)_655207.31_PRED"	NaN	3509	4187	3676	3562	4175	13078	4562	4865	5759	4899	5041	5272	5066	3542	3783	4932	3927	5248	2907	3832
Glyceraldehyde_(1MEOX)_(2TMS)_MP_277992.03_PRED	309	4768	6171	3909	4070	4988	3135	11532	7223	4966	4493	4658	5621	9393	3867	3494	4711	4174	2847	3221	3674
Glyceraldehyde-3-phosphate_(1MEOX)_(3TMS)_BP_571519.81_TRUE	17225	40056	33772	30509	26685	35783	62715	29448	30244	34699	24575	40421	49075	38811	32052	25524	43701	26139	40448	24587	23457
Glycerate	189	655	1266	954	915	1058	483	797	683	1396	1020	799	1283	931	442	756	784	762	869	3245	548
Glyceric_acid-3-phosphate_(4TMS)_606948.88_PRED	338	1731	2113	2032	2297	2341	764	1370	1536	2371	1778	1762	2130	1490	1130	1417	1500	1267	1832	1356	1240
Glycerol ((3TMS)) [MP-1.1]	918	9281	9109	11284	10150	5802	9256	12936	5588	24418	6473	11041	10328	14420	8815	6220	19607	9313	14185	4543	6330
Glycerophosphoglycerol_(5TMS)_761775.38_PRED	445	824	509	218	493	372	346	172	508	642	2432	374	485	821	973	200	467	706	292	465	531
Glycine (2TMS) [MP-2.1]	5423	24461	51782	70299	37547	111292	98560	77963	55394	63451	3729	70353	68929	48103	14056	83656	73629	33755	89010	23146	30808
"Glycine,_N-acetyl-_(1TMS)_334790.31_PRED"	4296	13870	17891	11286	16140	14690	5972	14805	11605	24471	15632	16199	16919	20985	13438	14936	16625	12615	14155	10760	11238
Glycylglycine_(3TMS)_628479.25_TRUE	38	5740	6400	5314	4280	4231	630	5591	4877	7413	1744	5704	6234	7867	5169	3674	6309	4784	5250	131	3817
Glycylglycine_(4TMS)_591933.56_TRUE	NaN	779	846	635	787	972	887	742	819	859	1009	699	949	704	638	803	822	904	737	818	852
Guanidine (3TMS)	57	1065	1008	709	454	356	210	2836	1775	498	110	516	798	1832	312	336	687	361	306	259	446
Guanosine_(5TMS)_960132.88_TRUE	140	684	491	368	731	601	273	417	261	1595	980	390	420	536	265	555	840	536	830	600	392
Guanosine-5-monophosphate_(6TMS)_1065235.12_TRUE	1133	4049	4436	4354	3650	5293	2257	5023	3909	4187	3820	4353	4212	5628	4265	3333	8454	4493	4066	3731	3831
Gulose_(1MEOX)_(5TMS)_MP_584150.19_TRUE	516	1160	1058	890	1205	1038	670	1047	940	1723	1671	1204	1379	1590	1272	775	1132	1013	760	1022	915
"Heptacosanoic_acid,_n-_(1TMS)_1053682.38_PRED"	2848	4000	4810	6028	3613	5973	3627	5840	5014	2057	4627	5495	4792	6087	5505	3285	6235	4759	4157	3194	4191
"Heptanoic_acid,_n-_(1TMS)_255612.95_PRED"	55	73328	103105	59332	38129	42030	27615	155027	113334	49508	8692	41493	51881	133116	21829	31865	51359	48437	17680	31490	47966
"Hexacosane,_n-_908082.69_PRED"	172	1556	980	605	1276	953	606	783	573	2769	2064	701	863	1286	659	1039	1849	1051	1479	1225	860
Hexadecanoate (1TMS) [MP-1.1]	6227	22389	26828	19636	23613	18843	11129	22710	15065	25195	16675	17780	24174	25644	18818	13376	19849	13721	10849	14894	12252
"Hexadecenoic_acid_methyl_ester,_9-(Z)-,_n-_652277.12_PRED"	263	3998	5279	3764	4218	4932	10805	5001	5426	6459	5737	5767	6439	6133	4204	4453	5560	4619	5621	3454	4280
"Hexanoic_acid,_2-ethyl-_(1TMS)_254181.88_PRED"	NaN	150540	237123	121159	77539	85548	57108	459286	345126	102151	16242	82014	107208	383016	43138	65588	107184	99290	35394	63763	103489
Histamine_(3TMS)_653726.19_TRUE	260	946	1101	1056	842	1185	2317	1183	1083	1352	1266	1316	1335	1419	976	879	1141	954	1256	816	841
Histidine (3TMS) [MP-1.1]	700	990	1147	450	1051	2086	1158	517	372	2525	369	987	1246	1723	1378	1122	680	482	854	204	366
Histidine (4TMS) [MP-3.1]	1406	2624	1627	745	1512	884	944	675	1667	1868	8097	1253	1557	2588	3088	558	1251	2061	695	1521	1769
Homocysteine_(2TMS)_506276.72_PRED	430	5014	6711	5612	6546	6386	4003	5991	5937	9916	2815	7019	7950	8784	6360	4897	8274	6072	9829	3381	4765
Homoserine_(2TMS)_380616.94_PRED	20	6308	9037	3254	12683	9337	15849	5706	5184	27094	81	14170	19191	19724	14425	19131	17447	11588	9868	395	8918
Homoserine_(4TMS)_510930.09_TRUE	NaN	24676	32435	27913	30996	31035	20042	29135	28279	47933	14195	34226	37803	42265	30933	24126	40186	30590	48735	16604	24623
Homoserine_lactone_(2TMS)_458933.88_PRED	757	25997	33926	24489	26167	34685	2759	25944	30033	35824	25446	33378	42891	40666	30022	22271	27982	23683	28941	18841	23151
Hypotaurine_(3TMS)_509415.53_TRUE	6151	64564	82586	72415	78945	79113	47746	76121	72496	122035	40682	86517	97516	108845	78050	61337	102099	78002	111123	43796	61850
Hypoxanthine_(2TMS)_659841.12_TRUE	93	7394	4641	2784	6692	3381	3744	4166	1795	39890	5327	4701	4935	8843	3236	6319	13786	5949	7615	5224	3830
Indole-3-acetaldehyde_(1MEOX)_(1TMS)_BP_657093_PRED	45	401	539	401	461	519	1540	617	546	687	487	617	646	679	468	504	553	431	536	318	423
"Indole-3-acetic_acid,_1H-_(1TMS)_668169.31_PRED"	417	1901	1607	1666	1501	1613	983	1545	1373	1917	1660	1541	1902	1799	1262	1123	1376	1272	768	1306	1054
"Indole-3-butanoic_acid,_1H-_(1TMS)_755498.5_PRED"	152	728	756	725	651	640	977	815	545	718	365	723	723	834	645	511	919	630	453	366	582
"Indole-3-ethanol,_1H-_(2TMS)_652683.19_PRED"	NaN	69096	86673	66374	72000	88190	264360	94485	95679	115185	102908	102299	111347	102428	73530	76838	98997	82216	102284	60313	76674
Inosine_(4TMS)_904803.88_TRUE	1807	12936	9187	5598	11711	8042	5692	7618	4489	27908	20036	7190	8382	11264	5265	9543	19471	9368	13843	11397	8582
"Inositol, myo- (6TMS) [MP-1.1]"	7374	129221	162511	122539	134345	163145	562173	175484	182264	215038	194887	194570	210366	194820	137555	144842	189807	156075	207651	112513	146140
"Inositol,_allo-_(6TMS)_550276.69_TRUE"	263	4313	4715	5179	3677	4474	721	4640	4992	5098	3895	5635	4979	6118	4348	3732	5491	4474	3813	3670	3886
Isocitric_acid_(4TMS)_597989.19_TRUE	1762	3192	4099	2424	3643	1693	1450	2571	1304	5848	1106	2582	3497	4962	4206	2436	2870	2256	2002	1464	1697
Isoleucine (2TMS) [MP-1.1]	2275	7490	7312	6914	6673	9989	2549	7918	7203	17456	7886	7850	8027	12671	6418	7288	11622	8081	7418	6957	5532
Leucine (2TMS) [MP-1.1]	4236	17010	15773	15128	15784	21633	6114	17521	15484	49332	17248	17501	17681	27457	14633	18045	27948	19718	18145	14573	12460
Lysine (3TMS) [MP-1.1]	5836	11473	10253	6128	11650	9552	3712	6488	8607	26360	8888	10064	13056	18850	13963	7320	11160	11716	8171	6561	10212
Lysine_(3TMS)_631402.94_PRED	NaN	842	1016	976	716	574	86	1058	874	1162	401	970	930	1166	792	589	1030	759	888	44	605
Malate (3TMS) [MP-1.1]	7703	5694	6476	5687	5493	6739	3020	6009	6433	12268	4570	5822	8149	7380	5780	4786	7432	5097	6371	3820	4245
"Maleamic_acid,_N-ethyl-_(2TMS)_459686.66_TRUE"	69	2199	2649	1870	2113	2840	306	2074	2464	2984	2060	2633	3556	3313	2321	1772	2139	1955	2394	1386	1756
Malic_acid_(3TMS)_442513.44_TRUE	2990	2278	2466	2184	1991	2622	1094	2128	2352	4513	1718	2296	2814	2490	2137	1807	2702	2072	2093	1399	1688
Maltose_(1MEOX)_(8TMS)_BP_880335.56_TRUE	12966	493	541	527	484	354	107	262	294	653	475	361	550	390	304	883	316	354	718	428	269
Maltose_(1MEOX)_(8TMS)_MP_871061_TRUE	42717	NaN	1583	1762	973	878	83	413	488	1675	1148	714	1267	889	436	3419	760	796	2493	1099	530
Mannitol_(6TMS)_583180.75_TRUE	377	1104	1139	916	838	767	1255	814	791	1883	1116	1173	1088	1219	942	771	1704	924	971	1834	739
Mannitol|Sorbitol (6TMS) [MP-1.1]	719	2918	2472	1792	2147	1824	1664	1972	2119	4012	4712	2396	2678	3707	3076	1576	2963	2599	1789	3102	2119
"Mannopyranoside,_1-O-methyl-,_alpha-_(4TMS)_559825.75_TRUE"	661	3542	3683	3115	3414	3605	1374	3119	6802	4143	2982	5103	7167	4654	4061	2843	3327	2820	3063	1958	2722
Mannose-1-phosphate_(6TMS)_785522.56_PRED	353	710	833	417	730	525	416	418	537	1016	637	488	1068	700	677	534	639	524	582	437	381
Melezitose_(11TMS)_1053876.5_TRUE	479	714	806	1070	636	1020	671	935	843	422	847	973	957	962	979	597	1080	727	659	547	754
Methionine (2TMS) [MP-1.1]	609	3789	3954	2891	3484	5100	1422	3759	4782	12978	3618	3839	3774	6050	3352	4484	4854	4157	4384	3244	2917
"Mevalonic_acid-1,5-lactone_(1TMS)_454636.47_TRUE"	746	24846	32602	22957	24548	32429	2721	24650	28007	34154	24368	31570	40687	39431	27808	21120	26111	22113	27049	17976	21689
myo-Inositol-1-phosphate_(7TMS)_788938.62_PRED	514	1044	1127	619	939	708	489	504	641	1359	881	674	1285	834	992	695	808	746	818	589	528
NicotiaNaNmine_(4TMS)_902113.62_PRED	404	2864	1953	1246	2701	1777	1236	1614	1076	6297	4349	1603	1882	2371	1277	1981	4166	2073	3059	2283	1874
NicotiNaNmide (1TMS) [MP-1.1]	10158	9989	11174	9013	9524	10457	3579	11636	8603	14454	12146	10687	8563	13893	9041	9239	14580	11993	11449	9798	9733
NicotiNaNmide (2TMS) [MP-2.1]	59	898	1353	567	1339	941	1212	508	275	2165	168	955	1477	1519	1176	905	494	579	753	131	370
NicotiNaNmide_(2TMS)_455050_TRUE	603	18974	24960	17170	19072	25366	2282	18514	21782	26106	18382	24491	31359	30310	21929	15880	19444	17335	21133	14348	16353
"NicotiNaNte, 6-Hydroxy-"	17	1497	2145	2182	1428	2418	360	2469	2145	2461	NaN	2892	2405	2798	1458	2029	2506	1852	2474	1120	1608
"Nicotinic_acid,_6-hydroxy-_(2TMS)_503069.03_TRUE"	16	1609	2002	2033	1657	2534	390	2403	2220	2401	NaN	2902	2459	3038	1419	1950	2649	1760	2582	1140	1571
NoNaNdecane_653263.69_PRED	247	3384	4129	3002	3408	4117	9242	4474	4496	5497	4875	4999	5647	4992	3566	3711	4711	3761	4710	2838	3742
"NoNaNn-1-ol,_n-_(1TMS)_336924.19_PRED"	20466	66497	85058	54370	77408	70971	28023	70908	56056	112791	74471	77378	80324	99937	62501	71379	77651	61039	68708	52334	54989
NoNaNnoate ((1TMS)) [MP-1.1]	231	704	1021	686	908	911	636	1055	652	1365	1192	853	1294	1057	1033	704	843	1266	485	558	548
Norleucine_(2TMS)_337195.69_TRUE	97207	279653	351846	236661	325988	299826	115046	315316	244292	489008	327015	327523	338208	432476	267273	308886	350941	262020	298844	223070	243164
"Norvaline,_DL-_(2TMS)_302242.12_PRED"	613	2758	2446	2079	2497	3015	952	3070	2829	7017	2536	2662	2726	4739	2517	2798	3929	3266	2830	2063	1729
"Octadecadienoic_acid,_9,12-(Z,Z)-_(1TMS)_775215.19_PRED"	4059	16684	29466	15499	17565	15295	9014	20061	9464	17499	12695	13410	21834	21918	18304	11567	13829	9785	9102	13273	9354
Ornithine (4TMS) [MP-1.1]	4438	1713	1744	1030	1841	2301	686	1216	1782	3858	2296	1363	2245	2493	1912	1367	1811	1930	1443	1824	1732
"Ornithine,_N2-acetyl-_(4TMS)_649195.81_TRUE"	NaN	1543	1920	1354	1325	1688	4792	1952	1891	2336	2087	2029	2237	1941	1552	1457	1955	1563	2088	1249	1438
Ornithine_(3TMS)_(Derivate_not_found)_492548.84_PRED	274	820	927	642	949	1169	768	764	476	2014	429	898	1180	1160	928	832	679	594	497	374	472
Ornithine_(3TMS)_587245.62_PRED	NaN	1514	1613	1589	1705	1916	2123	1924	1970	1612	2011	1845	2030	1603	1619	1865	1886	1836	1802	1863	2180
"Orotic_acid,_4,5-dihydro-_(3TMS)_616339.19_TRUE"	103	583	1019	517	865	690	119	458	360	1406	158	663	1288	940	653	753	603	647	575	170	409
Orotic_acid_(3TMS)_587220.69_TRUE	1163	55333	39688	18326	36189	18477	3281	18299	33394	53643	122509	29534	38442	62655	63124	14006	32535	43683	17286	33026	40714
Orthophosphate	356965	810140	1022860	689956	962763	887950	301471	1017835	746964	1505645	1030788	989826	975783	1298263	784439	976678	1196376	823622	933895	675658	791035
Oxalic_acid_(2TMS)_236929.91_PRED	13	51404	84319	25613	51879	51876	79610	39683	26356	105649	NaN	43995	101241	74938	40533	65293	33105	44164	58658	4159	16209
Oxaloacetate_(1MEOX)_(2TMS)_MP_473005.72_TRUE	77	826	859	615	834	1023	4643	587	477	1546	412	609	664	591	390	1156	579	668	1231	322	510
"Pantothenic_acid,_D-_(4TMS)_624853.5_PRED"	619	7874	8763	7733	6492	5718	1330	8007	6912	10319	2629	8391	9061	11127	7578	5608	8918	6724	7565	457	5371
"Pentadecane,_n-_462471.41_PRED"	208	6333	8151	5934	6255	8194	718	6447	7237	8403	6242	8412	9891	9883	7252	5702	6299	5865	7090	4513	5405
"Pentadecanoic_acid_methyl_ester,_n-_620606.38_PRED"	107	3292	3824	3277	2669	2418	910	3406	2772	4369	1086	3620	3608	4431	3188	2345	3838	2997	3324	312	2269
Phenethylamine_(2TMS)_490740.62_TRUE	428	12044	12502	14339	11622	11995	3498	13925	13817	15567	14441	11951	15416	13981	11570	7676	17415	13169	9688	10702	10459
Phenylalanine (2TMS) [MP-1.1]	1425	5594	5776	4896	5273	6546	1953	5403	4693	16570	4245	5676	6288	8875	5241	6508	7745	6290	6422	3741	3575
Phosphoenolpyruvic_acid_(3TMS)_528164.19_TRUE	220	1588	2297	1603	3040	2116	643	1547	1812	2708	2256	2224	3076	2185	1637	1867	1436	2048	1649	1394	1512
"Pimelic_acid,_2,6-diamino-_(4TMS)_654293.81_TRUE"	NaN	789	1172	837	783	963	2618	1094	1053	1457	1137	1141	1373	1376	989	896	1074	1054	1180	701	957
Pipecolate [MP-1.1]	263	714	763	619	717	782	423	533	602	1071	811	680	845	906	677	512	641	580	595	528	563
Proline [MP-1.1]	5917	23468	27580	22103	22726	34741	6475	26995	29794	45047	22932	28300	30615	38907	21372	24248	30647	23188	24790	20232	21571
"Proline, trans-4-Hydroxy- (3TMS) [MP-1.1]"	501	1992	2461	1615	2172	3164	916	2435	2461	2958	2432	2862	3481	3296	2345	2091	2004	2333	2318	1434	2415
Proline_(2TMS)_340374.03_PRED	NaN	21237	24545	28205	18643	36451	17614	27065	29429	39720	36032	22534	22435	27199	14978	24094	32572	27362	NaN	33637	19548
"Propane-1,3-diol,_2-amino-2-methyl-_(2TMS)_245096.62_TRUE"	59	699	1195	509	1062	1124	NaN	413	119	1651	265	671	NaN	1347	1016	1231	112	511	333	284	202
"Propane-1,3-diol,_2-amino-2-methyl-_(3TMS)_305353.78_TRUE"	1032	4396	4225	3886	4204	5482	1562	4443	3783	12783	4433	4832	4650	7086	3813	4243	6850	5130	4616	3623	3093
"Propylamine-2,3-diol_(3TMS)_315724.22_PRED"	142	622	611	569	566	662	149	575	492	1275	583	588	806	852	498	518	814	563	513	464	343
"Pyridine, 2-Hydroxy- (1TMS) [MP-1.1]"	76	3555	2992	3755	1785	2620	1351	3308	2767	3175	2123	3031	1840	3690	1549	1490	3972	3648	1826	2247	2524
Pyroglutamic_acid_(2TMS)_507313.84_TRUE	NaN	119823	152565	134856	146554	143635	89717	142433	132441	224014	NaN	156425	181034	199104	145020	113096	192611	143717	218467	85682	115117
Pyrophosphate [MP-1.1]	440	1741	2325	2386	1550	2304	694	2279	12976	1648	1834	5125	10179	2521	3807	1405	1714	1862	2150	997	2350
Pyruvate (1MEOX;1TMS) [MP-1.1]	1081	450	637	523	822	831	929	805	736	747	724	773	913	875	424	779	748	852	916	564	347
Pyruvic_acid_(2TMS)_209817.64_TRUE	1188	1802	2103	1695	1711	2512	849	2015	2420	4223	2017	1966	2703	3061	1873	2047	2618	2211	2356	1660	2261
Rhamnose_(1MEOX)_(4TMS)_BP_570616.31_PRED	2552	6333	5909	5353	4605	5763	8875	5495	5022	5618	4258	6251	7882	6926	5412	4093	6823	4328	6219	4763	3918
Ribitol_(5TMS)_503667.69_PRED	9	487	742	808	NaN	739	127	832	761	856	28	1051	860	993	522	715	963	679	861	464	528
Riboflavin (brk) [BD;1.1]	81	877	1430	431	1947	953	444	436	360	2104	498	727	2122	1257	855	263	451	715	217	381	404
"Ribonic_acid-1,4-lactone_(3TMS)_550463.56_TRUE"	1731	33162	33766	39770	27433	34304	4757	36687	39275	38779	30038	41844	36978	46171	32100	26723	45294	35779	30357	26998	30394
Ribose_(1MEOX)_(4TMS)_BP_501489.22_TRUE	1869	2032	NaN	1076	2413	1596	1926	1230	877	4566	3813	NaN	1389	1958	NaN	1971	3042	2058	2516	2695	1762
Ribose_(1MEOX)_(4TMS)_MP_503578.66_TRUE	1078	13471	17775	14670	16500	17676	10654	15955	15549	26627	7404	18959	21018	23187	16548	13725	21189	16340	23866	9601	12963
Ribose-5-phosphate_(1_MEOX)_(5TMS)_BP_707635.88_TRUE	445	533	350	186	522	472	371	271	200	691	2624	326	363	271	130	516	451	413	371	1639	342
Ribulose-5-phosphate_(1MEOX)_(5TMS)_BP_708146.5_TRUE	390	481	337	264	518	439	339	266	165	727	2379	298	415	330	164	507	409	417	373	1598	413
Salicylaldehyde-beta-D-glucopyranoside_(1MEOX)_(4TMS)_MP_879215_TRUE	6675	209	280	206	302	192	52	147	185	417	281	185	300	262	139	497	175	165	379	205	154
Serine (2TMS)	413	NaN	586	893	610	904	NaN	1161	1034	1290	1256	921	861	1292	1188	611	1255	1216	628	947	995
Serine (3TMS) [MP-1.1]	6084	17245	18339	13975	16401	19977	5061	17197	17268	45845	16379	17058	19936	25885	15041	17639	23046	17796	16459	11971	14751
Serine (4TMS)	125	3159	4131	2929	3385	4354	378	3321	3584	4377	3158	3882	5026	4751	3294	2620	3459	2879	3308	2281	2841
Serine_(2TMS)_328955.09_PRED	3409	10563	13320	9237	12318	11151	4342	11464	8939	17952	12054	12242	12446	16012	10115	11661	12921	9538	10888	8192	8800
Siloxane_739483_PRED	244	1062	1494	855	935	706	369	882	668	1069	980	592	1298	657	702	510	732	755	295	580	535
similar_to_Asparagine_Derivate_505075.09_PRED	329	11656	15063	13486	15160	15430	9656	14611	13616	23166	6026	16804	18166	20295	14703	11500	19574	14610	22635	8355	11861
similar_to_Diethanolamine_(2TMS)_335362.44_PRED	321	925	1256	900	1127	1147	416	1156	915	1798	1174	1079	1260	1491	951	1142	1206	886	1188	929	896
"Sorbitol, U13C-"	3295	33323	28219	26056	29447	29662	17534	33756	28579	47589	38605	35437	39298	42116	31186	25769	33119	29797	20223	29304	24096
Spermidine (4TMS) [MP-6.1]	1377	639	686	532	772	774	177	446	259	1300	437	645	806	793	499	948	250	528	650	331	393
SucciNaNte (2TMS) [MP-1.1]	5302	3215	3429	3473	2931	3331	9263	3502	3150	3984	2408	4418	4225	5399	3943	3441	4307	3380	4603	1836	2519
Succinic_acid_(2TMS)_365265.25_TRUE	49581	28930	30495	30655	24976	30447	81681	33288	29818	32985	23541	38101	37663	48554	33543	30328	39842	31493	38381	16611	22271
Sucrose (8TMS) [MP-1.1]	2306	681	588	467	535	421	344	368	NaN	1652	878	510	668	529	370	516	850	709	449	783	451
Tartaric_acid_(4TMS)_511834.44_TRUE	NaN	13248	17108	14362	16361	16712	10013	15295	14470	26230	7606	18216	20351	23113	15644	12506	20908	16414	23856	8860	12668
"Tetradecan-1-ol,_n-_(1TMS)_592555.94_PRED"	NaN	44289	43742	45667	46409	51423	57204	48681	55261	42065	54837	50525	52973	41662	43088	51070	50782	48623	48349	49718	54879
"Tetradecenoic_acid_methyl_ester,_9-(Z)-,_n-_572839.69_PRED"	1082	2802	2644	2255	2024	2444	4077	2347	2240	2502	1725	2936	3455	2655	2410	1778	2953	1742	2726	1867	1736
Threonine (3TMS) [MP-1.1]	3432	9616	10971	8554	9693	14183	3279	10522	10961	23610	9483	10974	12065	16673	9351	10629	12860	10039	10720	8079	8291
"Threonine,_O-methyl-,_L-_(2TMS)_334293.72_PRED"	241	610	811	576	812	784	287	769	554	1301	784	632	816	1118	559	707	754	576	796	520	556
Threonine_(2TMS)_341020.03_PRED	12313	21237	24545	28205	18643	36451	17614	27065	29429	39720	36032	22534	22435	27199	14978	24094	32572	27362	24047	33637	19548
Threose_(1MEOX)_(3TMS)_MP_432507.62_PRED	208	3974	4364	5558	3242	4394	158	5962	7067	4538	7744	4981	5826	5772	3786	3172	6169	5266	3694	4568	4986
"Trehalose, alpha,alpha- (8TMS) [MP-1.1]"	190	719	375	503	380	315	73	838	998	928	1341	771	586	659	448	487	3129	1247	884	389	1017
"Trehalose,_alpha,alpha'-,_D-_(8TMS)_874876.56_PRED"	6675	209	NaN	206	302	192	52	147	185	417	281	127	300	262	139	497	115	165	379	205	154
"Tridecan-1-ol,_n-_(1TMS)_547762.06_PRED"	1850	34358	37402	38091	30489	36203	5400	33783	28571	40543	29562	38427	39913	45135	31933	27313	31018	29960	18969	27431	23119
"Tridecane,_n-_342778.75_PRED"	30740	57038	65786	77161	48216	92645	47268	69287	75423	100382	92819	60533	60585	71415	40076	63247	83268	71101	61542	87833	50759
Tridecanoic_acid_586610.62_PRED	NaN	36988	37388	38666	39503	45107	50180	41062	45833	35963	45318	43396	44173	36192	36497	43989	42155	41320	42439	42550	47532
Triethanolamine_(3TMS)_493189.91_PRED	57	1704	1968	1940	1725	1628	550	1899	1894	2214	2049	1776	2099	1985	1630	1147	2324	1724	1373	1483	1435
Tropine_(1TMS)_336960.03_PRED	6023	16814	23052	13806	20127	18645	7116	18517	14652	31681	19948	20455	21145	27576	16944	20009	20977	16046	19801	13419	14845
Tropinone_(1MEOX)_343648.91_PRED	10095	18512	22935	25332	16226	31312	15421	23603	24996	34544	31384	20007	19374	24314	13415	21123	28817	23755	21879	29903	17224
Tryptophan_(2TMS)_789997.94_PRED	371	2374	2303	2281	2251	2792	1618	2004	1192	5568	561	2936	2807	4374	2633	2398	1430	1560	2724	1243	931
Turanose_(1MEOX)_(8TMS)_BP_876686.69_PRED	8164	387	435	358	468	299	63	237	284	521	516	226	433	408	210	632	407	359	522	149	232
Tyrosine (3TMS) [MP-1.1]	1728	7189	8114	6344	8157	10906	3492	7391	7061	22994	5361	8474	9696	13999	8081	9386	8010	6785	7702	5003	5662
Tyrosine_(2TMS)_669279.62_TRUE	388	949	934	1360	883	844	248	1544	2392	1734	3044	1049	1285	1021	655	965	2740	1750	1432	1722	1631
Undecanoic_acid_(1TMS)_480425.62_TRUE	121	2308	2156	1939	2008	2853	7847	1799	1748	5237	2272	2306	2665	2957	1800	3911	2471	2499	3604	1712	1512
Uracil (2TMS) [MP-1.1]	377	1512	1657	850	1938	1326	2886	1303	92862	7581	1186	1663	2662	2649	1297	2123	2296	1559	2187	982	981
Urea (2TMS) [MP-1.1]	69631	95748	118577	126697	89854	168320	84552	115083	134213	192860	170568	103980	107663	128591	71747	117600	145900	129247	113993	149971	94870
Uridine_(4TMS)_863220.75_TRUE	35	1181	1019	632	792	822	669	720	319	2382	197	1232	1273	1824	1167	878	NaN	518	1288	596	315
Uridine_5'-monophosphate_(5TMS)_995880.69_TRUE	1224	3715	3361	4804	2515	5604	2031	4201	3748	2479	1587	4324	4053	4290	3867	2071	3902	3639	3552	3821	3390
"Valeric_acid,_3-hydroxy-3-methyl-_(1TMS)_235895.11_PRED"	13	5131	8624	2566	5374	5225	8291	3969	2684	11032	181	4401	10155	7876	4141	6823	3427	4525	6122	436	1738
"Valeric_acid,_5-amino-_(3TMS)_500550.56_TRUE"	NaN	51101	63573	71878	50210	72651	10337	82704	70859	75827	1226	89017	75631	90062	46306	62053	84830	57739	72254	38560	50046
Valine (2TMS) [MP-1.1]	3685	16359	18103	15701	15819	23367	5728	21026	19025	40912	18523	17127	18856	27696	14704	18082	26212	18707	18594	16625	13605
Viburnitol_(5TMS)_635711.5_PRED	260	866	1233	1050	962	804	5045	1280	1023	1853	1473	1493	1628	1640	1234	1168	1343	1239	1197	885	1059
Xylitol (5TMS) [MP-1.1]	1869	2032	NaN	1172	2413	1596	1926	1385	1287	4566	3813	1455	1576	1958	1205	1971	3042	2058	2516	NaN	1762
Xylitol_(5TMS)_501235.88_TRUE	689	1012	801	609	945	919	671	553	NaN	NaN	1478	NaN	677	893	348	838	1168	1030	1026	1065	648
Xylose (1MEOX;4TMS) [MP-1.2]	51	1137	1434	1480	1141	1182	408	1670	1486	1595	1407	1201	1690	1547	1124	774	1801	1242	1027	1046	1130
Xylose_(1MEOX)_(4TMS)_BP_500236.69_PRED	1869	2032	NaN	1076	2413	1596	1926	1230	877	4566	3813	1455	1389	1958	NaN	1971	3042	2058	2516	2695	1762
